1.7032811641693115,"[[ 2.31895728e-01  9.64775597e-01  1.23571254e-01 -9.21414910e+00]
 [-8.69613887e-03  1.29022866e-01 -9.91448476e-01 -4.86646234e+00]
 [-9.72732316e-01  2.28413864e-01  3.80185076e-02  3.34478561e+00]
 [ 0.00000000e+00  0.00000000e+00  0.00000000e+00  1.00000000e+00]]"
1.7355701923370361,"[[ 0.23290726  0.96432544  0.1259778  -9.5349386 ]
 [-0.01190283  0.13244658 -0.99118575 -5.26196562]
 [-0.97260128  0.22903976  0.04211582  3.21075576]
 [ 0.          0.          0.          1.        ]]"
1.7683329582214355,"[[ 0.23079646  0.96462929  0.12704355 -9.63786024]
 [-0.01403482  0.13384343 -0.99083199 -5.46631903]
 [-0.97296856  0.22655864  0.04419817  3.05557675]
 [ 0.          0.          0.          1.        ]]"
1.8015289306640625,"[[ 0.23290213  0.96444286  0.1243297  -9.16317246]
 [-0.01004532  0.13015966 -0.99129776 -5.04230913]
 [-0.97245863  0.22928068  0.03976431  3.47697243]
 [ 0.          0.          0.          1.        ]]"
1.8340129852294922,"[[ 2.33555545e-01  9.64284400e-01  1.24585888e-01 -9.43630382e+00]
 [-8.09045125e-03  1.30038852e-01 -9.91400597e-01 -4.98644017e+00]
 [-9.72375448e-01  2.30198684e-01  3.79409548e-02  3.14107737e+00]
 [ 0.00000000e+00  0.00000000e+00  0.00000000e+00  1.00000000e+00]]"
1.8674249649047852,"[[  0.23163618   0.96465039   0.12523023 -10.1680566 ]
 [ -0.01109319   0.13131444  -0.99117806  -4.35758833]
 [ -0.97279862   0.22782268   0.04085814   1.16916498]
 [  0.           0.           0.           1.        ]]"
1.9003889560699463,"[[ 0.23155772  0.96468665  0.12538854 -9.40053311]
 [-0.01093093  0.13150636 -0.99124052 -5.19105776]
 [-0.97290903  0.22773021  0.04070694  3.31309179]
 [ 0.          0.          0.          1.        ]]"
1.932690143585205,"[[ 0.23191477  0.96462649  0.12533537 -9.43390914]
 [-0.01139645  0.13160145 -0.99126139 -5.2270131 ]
 [-0.97283924  0.22806248  0.04124678  3.25291052]
 [ 0.          0.          0.          1.        ]]"
1.9658961296081543,"[[ 0.23141662  0.96465156  0.12567294 -9.45821334]
 [-0.01175948  0.13189268 -0.99109425 -5.25685023]
 [-0.97277242  0.22768596  0.04173313  3.25422828]
 [ 0.          0.          0.          1.        ]]"
1.9983551502227783,"[[ 0.23162209  0.96460863  0.12543451 -9.41595816]
 [-0.01126192  0.13152176 -0.99110396 -5.20047241]
 [-0.97273896  0.22783115  0.04110745  3.30241312]
 [ 0.          0.          0.          1.        ]]"
2.0307559967041016,"[[ 0.23175832  0.9646343   0.12538822 -9.44903046]
 [-0.0113125   0.13161371 -0.9912191  -5.22441407]
 [-0.97289015  0.22778167  0.04106179  3.2518613 ]
 [ 0.          0.          0.          1.        ]]"
2.06589412689209,"[[ 0.23113652  0.96485056  0.12553478 -9.46070701]
 [-0.01158323  0.13190407 -0.99135104 -5.22150651]
 [-0.97309872  0.22737521  0.04146173  3.23448942]
 [ 0.          0.          0.          1.        ]]"
2.0988450050354004,"[[ 0.23144618  0.96465885  0.12553473 -9.46291984]
 [-0.01200688  0.13183798 -0.99110395 -5.2355406 ]
 [-0.97283983  0.22749429  0.04183273  3.26502475]
 [ 0.          0.          0.          1.        ]]"
2.132986068725586,"[[ 0.23151571  0.96462937  0.12541113 -9.45503415]
 [-0.01152828  0.13154472 -0.9910816  -5.22958118]
 [-0.97275186  0.22767607  0.04134776  3.25116054]
 [ 0.          0.          0.          1.        ]]"
2.1667821407318115,"[[ 0.23157485  0.96465151  0.12539382 -9.45404755]
 [-0.01099202  0.13148306 -0.99117892 -5.21817552]
 [-0.97286383  0.22769041  0.04073674  3.23713014]
 [ 0.          0.          0.          1.        ]]"
2.2005770206451416,"[[ 0.23124459  0.96475131  0.1251963  -9.52412949]
 [-0.01144845  0.13133223 -0.99117063 -5.201104  ]
 [-0.97284849  0.22749014  0.04122298  3.24747188]
 [ 0.          0.          0.          1.        ]]"
2.233930826187134,"[[ 0.2311292   0.96477867  0.12520767 -9.54037913]
 [-0.01107415  0.13125377 -0.991188   -5.21396608]
 [-0.97288344  0.22742413  0.04082736  3.25611908]
 [ 0.          0.          0.          1.        ]]"
2.2673120498657227,"[[ 0.23151129  0.96468098  0.12523113 -9.48748006]
 [-0.01133735  0.13136868 -0.99116995 -5.2024928 ]
 [-0.97282762  0.22766492  0.0410892   3.24943193]
 [ 0.          0.          0.          1.        ]]"
2.3005170822143555,"[[ 0.23169164  0.96464938  0.12535289 -9.55563211]
 [-0.01132744  0.1315537  -0.99120901 -5.26455824]
 [-0.97285805  0.22779889  0.0411119   3.25637796]
 [ 0.          0.          0.          1.        ]]"
2.3338279724121094,"[[ 0.23158967  0.96461852  0.12550944 -9.53710242]
 [-0.01178475  0.13175266 -0.99109825 -5.2892697 ]
 [-0.97279515  0.22765496  0.04161084  3.25763637]
 [ 0.          0.          0.          1.        ]]"
2.36757493019104,"[[ 0.23186373  0.96457591  0.12539271 -9.50193523]
 [-0.0113531   0.13153826 -0.99114216 -5.25029018]
 [-0.97270411  0.22809742  0.04125154  3.25965206]
 [ 0.          0.          0.          1.        ]]"
2.4009220600128174,"[[ 0.23140372  0.96470514  0.12588991 -9.54796068]
 [-0.01243377  0.1324173  -0.9911941  -5.32202595]
 [-0.97294836  0.22752236  0.0424518   3.30892419]
 [ 0.          0.          0.          1.        ]]"
2.4358749389648438,"[[ 0.23091905  0.9647425   0.1258389  -9.49042233]
 [-0.01243865  0.13222702 -0.99104199 -5.30451259]
 [-0.97296354  0.2268787   0.04225631  3.40995171]
 [ 0.          0.          0.          1.        ]]"
2.471419095993042,"[[ 0.23177864  0.96461349  0.12588694 -9.45976411]
 [-0.01170072  0.13225501 -0.99121968 -5.31104891]
 [-0.97286249  0.22799633  0.04175823  3.27415569]
 [ 0.          0.          0.          1.        ]]"
2.5054280757904053,"[[ 0.23171619  0.9645506   0.1258474  -9.49434508]
 [-0.01219511  0.13222784 -0.99105027 -5.33258534]
 [-0.97281046  0.22762465  0.04207321  3.28343995]
 [ 0.          0.          0.          1.        ]]"
2.539557933807373,"[[ 0.23089923  0.96476613  0.12596112 -9.50396191]
 [-0.01252518  0.13243548 -0.99109158 -5.30084697]
 [-0.97304688  0.22682019  0.04236268  3.34979248]
 [ 0.          0.          0.          1.        ]]"
2.573683023452759,"[[ 0.23144755  0.96468418  0.12550532 -9.46856987]
 [-0.01196793  0.13183025 -0.99115144 -5.26371672]
 [-0.97286907  0.22753685  0.04181224  3.31665453]
 [ 0.          0.          0.          1.        ]]"
2.6075820922851562,"[[ 0.23130583  0.96472398  0.12546957 -9.4770822 ]
 [-0.0118349   0.13173959 -0.99116039 -5.26802585]
 [-0.97286112  0.22751984  0.04171487  3.29313173]
 [ 0.          0.          0.          1.        ]]"
2.641951084136963,"[[ 0.23141465  0.96463609  0.12558662 -9.49407573]
 [-0.01167863  0.13179619 -0.99107019 -5.23120125]
 [-0.97286208  0.22737139  0.04141658  3.31093295]
 [ 0.          0.          0.          1.        ]]"
2.675837993621826,"[[ 0.23114083  0.96472092  0.12541406 -9.53135213]
 [-0.01226097  0.13170692 -0.99105646 -5.2569133 ]
 [-0.97283791  0.22720254  0.04204111  3.27632283]
 [ 0.          0.          0.          1.        ]]"
2.7091639041900635,"[[ 0.23111177  0.96464686  0.12570696 -9.5404693 ]
 [-0.01247898  0.13201667 -0.99093069 -5.27736918]
 [-0.9728366   0.22694686  0.0422028   3.28192093]
 [ 0.          0.          0.          1.        ]]"
2.742914915084839,"[[ 0.23091577  0.96474409  0.12549256 -9.5190477 ]
 [-0.01254732  0.13183467 -0.99100078 -5.27385868]
 [-0.97290899  0.22679532  0.04222564  3.30263175]
 [ 0.          0.          0.          1.        ]]"
2.776960849761963,"[[ 0.23093445  0.96473432  0.1254683  -9.55852884]
 [-0.01256933  0.13180362 -0.9909868  -5.25368453]
 [-0.97289317  0.22679816  0.04223474  3.28865809]
 [ 0.          0.          0.          1.        ]]"
2.8116488456726074,"[[ 0.23043439  0.96478558  0.12543065 -9.50518585]
 [-0.013002    0.13169391 -0.99082508 -5.23558146]
 [-0.97279958  0.2263809   0.04266976  3.33790851]
 [ 0.          0.          0.          1.        ]]"
2.8463258743286133,"[[ 0.23021808  0.96487984  0.12577521 -9.56559228]
 [-0.0134431   0.1322952  -0.9909343  -5.30622447]
 [-0.973032    0.22606732  0.04316987  3.30947562]
 [ 0.          0.          0.          1.        ]]"
2.87951397895813,"[[ 0.2298117   0.96507125  0.12561964 -9.54336368]
 [-0.01381863  0.1323072  -0.99108222 -5.28750628]
 [-0.97321221  0.2257591   0.04356044  3.39271004]
 [ 0.          0.          0.          1.        ]]"
2.9146358966827393,"[[ 0.23032444  0.96499237  0.12547188 -9.47948561]
 [-0.01302736  0.13206159 -0.9911889  -5.2452014 ]
 [-0.97321271  0.22623922  0.04270549  3.38964779]
 [ 0.          0.          0.          1.        ]]"
2.9478838443756104,"[[ 0.23046722  0.96483315  0.12587086 -9.54563797]
 [-0.0130627   0.13236535 -0.9909878  -5.30390288]
 [-0.97304353  0.22632772  0.04282272  3.28277303]
 [ 0.          0.          0.          1.        ]]"
2.9830501079559326,"[[ 0.22992003  0.96496351  0.12586034 -9.51903147]
 [-0.01281749  0.13225661 -0.99099681 -5.27427059]
 [-0.97313913  0.22589781  0.04254358  3.36487628]
 [ 0.          0.          0.          1.        ]]"
3.0169551372528076,"[[ 0.23047375  0.96486796  0.12560308 -9.46898242]
 [-0.01214426  0.13188047 -0.99106771 -5.22633389]
 [-0.97305954  0.22646466  0.04182173  3.35322792]
 [ 0.          0.          0.          1.        ]]"
3.05244517326355,"[[ 0.23113499  0.96466318  0.12616342 -9.50928261]
 [-0.01220537  0.13253458 -0.99103384 -5.32227318]
 [-0.97292969  0.22714427  0.0421498   3.2175932 ]
 [ 0.          0.          0.          1.        ]]"
3.0861549377441406,"[[ 0.23105688  0.96459579  0.12598922 -9.4987608 ]
 [-0.0122137   0.13218529 -0.99084654 -5.28683044]
 [-0.97277365  0.22696931  0.04202062  3.25456545]
 [ 0.          0.          0.          1.        ]]"
3.1199090480804443,"[[ 0.23184842  0.96454787  0.12569498 -9.4795519 ]
 [-0.01163037  0.13192295 -0.99110337 -5.25987792]
 [-0.97271167  0.22805027  0.04161663  3.17126629]
 [ 0.          0.          0.          1.        ]]"
3.1524770259857178,"[[ 0.2315964   0.96449684  0.12600528 -9.49995328]
 [-0.01177914  0.13218517 -0.9909256  -5.26495585]
 [-0.97272962  0.22753127  0.04164328  3.15381191]
 [ 0.          0.          0.          1.        ]]"
3.1845569610595703,"[[ 0.23114531  0.9647471   0.12589484 -9.44880857]
 [-0.01196532  0.1322559  -0.99117374 -5.25226486]
 [-0.97294685  0.22739719  0.041979    3.22607913]
 [ 0.          0.          0.          1.        ]]"
3.2212791442871094,"[[ 0.23141056  0.96465143  0.12595903 -9.41634358]
 [-0.011893    0.13230021 -0.99112566 -5.26691668]
 [-0.97289686  0.22752952  0.0418658   3.25631592]
 [ 0.          0.          0.          1.        ]]"
3.2547760009765625,"[[ 0.23158079  0.96456254  0.1259126  -9.45966356]
 [-0.0118376   0.13218832 -0.99103467 -5.27380132]
 [-0.97283259  0.2275135   0.04168875  3.19428302]
 [ 0.          0.          0.          1.        ]]"
3.2892680168151855,"[[ 0.23160674  0.9645806   0.12573676 -9.47139521]
 [-0.01153923  0.13190637 -0.99106525 -5.25409601]
 [-0.97274656  0.22778404  0.04147249  3.17152009]
 [ 0.          0.          0.          1.        ]]"
3.3241469860076904,"[[ 0.23123026  0.9646831   0.12583732 -9.43487499]
 [-0.01190281  0.13211515 -0.99108673 -5.25463897]
 [-0.9728664   0.22739568  0.04184294  3.22656373]
 [ 0.          0.          0.          1.        ]]"
3.3575189113616943,"[[ 0.2308049   0.96479773  0.12598466 -9.43781624]
 [-0.01187725  0.13230547 -0.99113599 -5.23441004]
 [-0.97305344  0.22692412  0.04176754  3.27127552]
 [ 0.          0.          0.          1.        ]]"
3.3911120891571045,"[[ 0.23100087  0.96470041  0.12619905 -9.45208584]
 [-0.01180887  0.13248738 -0.99106577 -5.28217335]
 [-0.97298103  0.22707576  0.04174476  3.24099691]
 [ 0.          0.          0.          1.        ]]"
3.424877882003784,"[[ 0.23083528  0.9648343   0.12603089 -9.50142549]
 [-0.01231425  0.1325245  -0.99120501 -5.26535765]
 [-0.9730984   0.22699126  0.04229951  3.28017789]
 [ 0.          0.          0.          1.        ]]"
3.45869517326355,"[[ 0.2309796   0.96465706  0.12611822 -9.46738727]
 [-0.01201282  0.13236944 -0.99095626 -5.24370632]
 [-0.97291326  0.22691911  0.04184903  3.2503132 ]
 [ 0.          0.          0.          1.        ]]"
3.491978168487549,"[[ 0.23123085  0.96455852  0.12645524 -9.47192189]
 [-0.01217893  0.13279037 -0.99091639 -5.28695521]
 [-0.97289993  0.22704651  0.04208024  3.1818853 ]
 [ 0.          0.          0.          1.        ]]"
3.5246591567993164,"[[ 0.23019908  0.96471265  0.12646444 -9.45616745]
 [-0.01331854  0.13282763 -0.99068141 -5.27252432]
 [-0.97286033  0.22606287  0.04320583  3.32755606]
 [ 0.          0.          0.          1.        ]]"
3.557671070098877,"[[ 0.23014534  0.96474967  0.12676786 -9.42064973]
 [-0.0130244   0.13320932 -0.99078813 -5.27504294]
 [-0.97308183  0.22586532  0.04287202  3.36216526]
 [ 0.          0.          0.          1.        ]]"
3.589707851409912,"[[ 0.23066435  0.96463718  0.12688745 -9.46617111]
 [-0.01298247  0.13336565 -0.99081696 -5.3439507 ]
 [-0.97294828  0.22652939  0.04303095  3.27029932]
 [ 0.          0.          0.          1.        ]]"
3.6222188472747803,"[[ 0.23003402  0.96482617  0.12677828 -9.47442638]
 [-0.01332833  0.13333744 -0.99086608 -5.33499109]
 [-0.97311858  0.22591536  0.04330653  3.31836113]
 [ 0.          0.          0.          1.        ]]"
3.6549789905548096,"[[ 0.23008481  0.96484303  0.12674724 -9.39634298]
 [-0.01241893  0.13311576 -0.99095334 -5.3087083 ]
 [-0.97311094  0.22622328  0.0424689   3.32700026]
 [ 0.          0.          0.          1.        ]]"
3.6885640621185303,"[[ 0.23078786  0.96461764  0.12698393 -9.38798428]
 [-0.01236897  0.13335878 -0.99087272 -5.35505158]
 [-0.97295418  0.22677335  0.04247715  3.27653035]
 [ 0.          0.          0.          1.        ]]"
3.722226142883301,"[[ 0.22993269  0.96485666  0.12651652 -9.47404772]
 [-0.01271504  0.13288331 -0.99087692 -5.32294795]
 [-0.97311835  0.22585536  0.04256627  3.37488504]
 [ 0.          0.          0.          1.        ]]"
3.7559800148010254,"[[ 0.23051803  0.96482312  0.12627656 -9.48548199]
 [-0.01243945  0.1327186  -0.99106431 -5.30665188]
 [-0.97311282  0.22653197  0.04235579  3.33385062]
 [ 0.          0.          0.          1.        ]]"
3.7897188663482666,"[[ 0.23104075  0.96462933  0.12639163 -9.49773577]
 [-0.01239938  0.13277654 -0.99094513 -5.3547383 ]
 [-0.97292537  0.22694836  0.04234107  3.24361348]
 [ 0.          0.          0.          1.        ]]"
3.823225975036621,"[[ 0.23115456  0.96461274  0.1264779  -9.50726997]
 [-0.01240463  0.13290153 -0.99097384 -5.32729146]
 [-0.97292365  0.22709954  0.04241422  3.27019778]
 [ 0.          0.          0.          1.        ]]"
3.8564021587371826,"[[ 0.2311262   0.96468864  0.1261235  -9.49523579]
 [-0.01230738  0.13252849 -0.99106596 -5.29155185]
 [-0.97291822  0.22723562  0.04231796  3.30141102]
 [ 0.          0.          0.          1.        ]]"
3.8891360759735107,"[[ 0.23139435  0.96460745  0.12606056 -9.51811228]
 [-0.01256512  0.13251852 -0.9910186  -5.25712341]
 [-0.97286368  0.22732515  0.04250707  3.2850216 ]
 [ 0.          0.          0.          1.        ]]"
3.9221880435943604,"[[ 0.23145569  0.96460659  0.12589721 -9.57809762]
 [-0.01266593  0.13235029 -0.99101781 -5.27368305]
 [-0.97279832  0.22745772  0.04262841  3.2740895 ]
 [ 0.          0.          0.          1.        ]]"
3.955047130584717,"[[ 0.23187193  0.96456865  0.12582627 -9.56021192]
 [-0.01259512  0.13238404 -0.9911363  -5.28544374]
 [-0.97284097  0.22780437  0.04255732  3.26154903]
 [ 0.          0.          0.          1.        ]]"
3.9891810417175293,"[[ 0.23202705  0.96440016  0.12596543 -9.5382611 ]
 [-0.01301499  0.1324269  -0.99087055 -5.29444996]
 [-0.9725424   0.22795724  0.04305948  3.27437861]
 [ 0.          0.          0.          1.        ]]"
4.021579027175903,"[[ 0.23181776  0.96439688  0.12620541 -9.55010122]
 [-0.01331223  0.13272124 -0.99078853 -5.27661502]
 [-0.97260728  0.22755456  0.04329351  3.30015407]
 [ 0.          0.          0.          1.        ]]"
4.0537497997283936,"[[ 0.23176346  0.9645321   0.1263275  -9.55982063]
 [-0.01302723  0.13300298 -0.99105552 -5.30074405]
 [-0.97287294  0.22760347  0.04309341  3.28969595]
 [ 0.          0.          0.          1.        ]]"
4.089061975479126,"[[ 0.23138605  0.96450032  0.12618383 -9.53709453]
 [-0.01344178  0.1326904  -0.99077879 -5.2791755 ]
 [-0.97266724  0.2271902   0.0434102   3.39285752]
 [ 0.          0.          0.          1.        ]]"
4.122280120849609,"[[ 0.23187892  0.96444662  0.1267795  -9.52219047]
 [-0.01321179  0.13350174 -0.99098278 -5.38605804]
 [-0.97280435  0.22776691  0.04346529  3.27195298]
 [ 0.          0.          0.          1.        ]]"
4.155506134033203,"[[ 0.2320967   0.96431982  0.12671533 -9.54656725]
 [-0.01358487  0.13341571 -0.99081565 -5.40273377]
 [-0.97264241  0.22779103  0.04375467  3.21789273]
 [ 0.          0.          0.          1.        ]]"
4.189333200454712,"[[ 0.23169086  0.96451177  0.12655988 -9.52781787]
 [-0.01396088  0.13342833 -0.99096323 -5.36190481]
 [-0.97282305  0.22748267  0.04414505  3.30090381]
 [ 0.          0.          0.          1.        ]]"
4.222466945648193,"[[ 0.23263471  0.96425857  0.12639194 -9.51689873]
 [-0.01249502  0.13288669 -0.99095414 -5.34392117]
 [-0.97255618  0.22854273  0.04268343  3.20123001]
 [ 0.          0.          0.          1.        ]]"
4.25550103187561,"[[ 0.23209125  0.9643517   0.12665947 -9.52136214]
 [-0.01254978  0.1331308  -0.99090903 -5.37316251]
 [-0.97264367  0.22806777  0.04277833  3.24090292]
 [ 0.          0.          0.          1.        ]]"
4.289624929428101,"[[ 0.23162792  0.96449046  0.12622617 -9.4858802 ]
 [-0.01254072  0.13263822 -0.99092048 -5.3075091 ]
 [-0.9727595   0.2274825   0.04250249  3.33128817]
 [ 0.          0.          0.          1.        ]]"
4.323545932769775,"[[ 0.23264042  0.96443042  0.12601173 -9.48975074]
 [-0.01165627  0.13247001 -0.99127736 -5.30141238]
 [-0.97271229  0.228913    0.04191044  3.24596219]
 [ 0.          0.          0.          1.        ]]"
4.357146978378296,"[[ 0.23269689  0.96413116  0.12637763 -9.52240508]
 [-0.01179291  0.13251801 -0.99076065 -5.33783375]
 [-0.97233152  0.22867133  0.0419342   3.20394651]
 [ 0.          0.          0.          1.        ]]"
4.392258882522583,"[[ 0.2325069   0.96436418  0.12571499 -9.4781137 ]
 [-0.01143124  0.13188117 -0.99105899 -5.25087848]
 [-0.97249692  0.22876128  0.04152736  3.31137868]
 [ 0.          0.          0.          1.        ]]"
4.425585985183716,"[[ 0.23311431  0.96417951  0.12585953 -9.49983225]
 [-0.01061365  0.13188777 -0.99104623 -5.25981838]
 [-0.97246375  0.22914369  0.04060345  3.28899705]
 [ 0.          0.          0.          1.        ]]"
4.46077823638916,"[[ 0.23316848  0.96412172  0.12603837 -9.48861814]
 [-0.01041276  0.13197872 -0.99098466 -5.27462839]
 [-0.97238266  0.22927817  0.04048396  3.266164  ]
 [ 0.          0.          0.          1.        ]]"
4.495665073394775,"[[ 0.23297706  0.96416758  0.126004   -9.46398711]
 [-0.01067201  0.1319734  -0.9909664  -5.25738648]
 [-0.97237984  0.22913727  0.04076499  3.29750202]
 [ 0.          0.          0.          1.        ]]"
4.529173135757446,"[[ 0.23291944  0.96430621  0.12582958 -9.4591634 ]
 [-0.01087143  0.13198046 -0.99117632 -5.27875034]
 [-0.97251436  0.22925096  0.04105822  3.27025531]
 [ 0.          0.          0.          1.        ]]"
4.565213203430176,"[[ 0.23329565  0.96420315  0.1257289  -9.51066039]
 [-0.0105084   0.13177062 -0.9911546  -5.27569508]
 [-0.97239346  0.22963914  0.04068805  3.24470354]
 [ 0.          0.          0.          1.        ]]"
4.598186254501343,"[[ 0.23288219  0.96430954  0.12573135 -9.46818176]
 [-0.01039187  0.13176975 -0.99118229 -5.27051877]
 [-0.9725823   0.22907418  0.0404043   3.254647  ]
 [ 0.          0.          0.          1.        ]]"
4.632936000823975,"[[ 0.23295568  0.96422825  0.12578772 -9.44960372]
 [-0.01010486  0.13165173 -0.99107093 -5.24494152]
 [-0.97241767  0.22926657  0.04017845  3.27165026]
 [ 0.          0.          0.          1.        ]]"
4.668632984161377,"[[ 0.23295134  0.96427987  0.12560781 -9.44229277]
 [-0.00991409  0.13147536 -0.99115891 -5.23896713]
 [-0.97249301  0.22925545  0.0399198   3.26135058]
 [ 0.          0.          0.          1.        ]]"
4.702559947967529,"[[ 0.23261141  0.96443171  0.1255167  -9.45880705]
 [-0.01031259  0.13155741 -0.99127099 -5.28418911]
 [-0.97267891  0.22888805  0.04027953  3.26378616]
 [ 0.          0.          0.          1.        ]]"
4.737491130828857,"[[ 0.23261928  0.9643254   0.12525572 -9.42470859]
 [-0.01022059  0.13105951 -0.99104311 -5.24600932]
 [-0.97247125  0.22875287  0.03999437  3.28329128]
 [ 0.          0.          0.          1.        ]]"
4.770464897155762,"[[ 0.23348312  0.96423967  0.12508952 -9.44136385]
 [-0.00993325  0.13101072 -0.99126846 -5.22138934]
 [-0.97242089  0.22976997  0.03987363  3.166205  ]
 [ 0.          0.          0.          1.        ]]"
4.802164793014526,"[[ 0.23328569  0.96425441  0.125368   -9.40726506]
 [-0.00985113  0.13125697 -0.991237   -5.23533957]
 [-0.97243159  0.22967429  0.03989343  3.17544531]
 [ 0.          0.          0.          1.        ]]"
4.835961103439331,"[[ 0.23251399  0.96451063  0.12525444 -9.38314657]
 [-0.01037832  0.13130938 -0.9913404  -5.20213953]
 [-0.97267936  0.22894268  0.04036945  3.28131592]
 [ 0.          0.          0.          1.        ]]"
4.869633913040161,"[[ 0.23302697  0.96431938  0.12535883 -9.43507853]
 [-0.01095721  0.13150025 -0.99119645 -5.27688451]
 [-0.97248543  0.22926726  0.04098176  3.16305393]
 [ 0.          0.          0.          1.        ]]"
4.90179181098938,"[[ 0.23293038  0.96427465  0.12571421 -9.46537778]
 [-0.01129814  0.13192815 -0.99109663 -5.30132479]
 [-0.9725202   0.22897375  0.04130941  3.10361322]
 [ 0.          0.          0.          1.        ]]"
4.937076807022095,"[[ 0.23231251  0.96441047  0.12585663 -9.43876505]
 [-0.01157027  0.13212091 -0.99108005 -5.27157347]
 [-0.97267576  0.22831923  0.0415355   3.17825136]
 [ 0.          0.          0.          1.        ]]"
4.971353054046631,"[[ 0.23211079  0.96447668  0.12595506 -9.41502429]
 [-0.01129741  0.13219091 -0.99113718 -5.25499401]
 [-0.97276228  0.22821253  0.04129642  3.18648281]
 [ 0.          0.          0.          1.        ]]"
5.004906177520752,"[[ 0.23202106  0.96449557  0.1262274  -9.44124989]
 [-0.01091007  0.13240614 -0.99117555 -5.30193592]
 [-0.97278919  0.22831456  0.0410551   3.14536832]
 [ 0.          0.          0.          1.        ]]"
5.038431167602539,"[[ 0.23100258  0.96467315  0.12657477 -9.41408025]
 [-0.01173938  0.13288734 -0.99105917 -5.3067758 ]
 [-0.97300622  0.22711676  0.04179623  3.28692639]
 [ 0.          0.          0.          1.        ]]"
5.0714170932769775,"[[ 0.23172073  0.96447565  0.12650939 -9.38019242]
 [-0.01141198  0.13274549 -0.99101782 -5.28697843]
 [-0.9728413   0.2277144   0.04143956  3.25611109]
 [ 0.          0.          0.          1.        ]]"
5.106204032897949,"[[ 0.23191922  0.96436393  0.12656479 -9.40920821]
 [-0.01088029  0.13257366 -0.99091501 -5.29712722]
 [-0.97264819  0.22806518  0.0409825   3.21902808]
 [ 0.          0.          0.          1.        ]]"
5.140085935592651,"[[ 0.23144218  0.96449977  0.12640416 -9.38322329]
 [-0.01110894  0.13245865 -0.99093491 -5.25057406]
 [-0.97280077  0.227475    0.04105095  3.29179741]
 [ 0.          0.          0.          1.        ]]"
5.174260139465332,"[[ 0.2313976   0.9646093   0.12645176 -9.35515345]
 [-0.01119691  0.13267655 -0.9911261  -5.27096627]
 [-0.97294744  0.22759036  0.04127471  3.35239648]
 [ 0.          0.          0.          1.        ]]"
5.20787501335144,"[[ 0.23167485  0.96442443  0.12674874 -9.43642147]
 [-0.01183621  0.13301836 -0.99090164 -5.30548647]
 [-0.97274129  0.22770179  0.04198085  3.30542342]
 [ 0.          0.          0.          1.        ]]"
5.242894887924194,"[[ 0.23159938  0.96454329  0.12635336 -9.44040351]
 [-0.0114696   0.13260647 -0.99106912 -5.2699176 ]
 [-0.97286111  0.22769724  0.04151392  3.34208836]
 [ 0.          0.          0.          1.        ]]"
5.2755701541900635,"[[ 0.23149588  0.96453951  0.12613436 -9.43903164]
 [-0.01199668  0.13240556 -0.9909647  -5.2520833 ]
 [-0.97277281  0.22751233  0.04196156  3.40812383]
 [ 0.          0.          0.          1.        ]]"
5.309460163116455,"[[ 0.23142622  0.96456868  0.12625824 -9.49283671]
 [-0.01247549  0.13269881 -0.99098628 -5.24297574]
 [-0.97286027  0.2273302   0.04244679  3.37040902]
 [ 0.          0.          0.          1.        ]]"
5.346065044403076,"[[ 0.23121624  0.96466308  0.12631712 -9.49774319]
 [-0.01278255  0.13289367 -0.99106426 -5.30577554]
 [-0.97296885  0.22717346  0.04281423  3.4231652 ]
 [ 0.          0.          0.          1.        ]]"
5.379626035690308,"[[ 0.23154286  0.96456664  0.12621762 -9.48413294]
 [-0.01281073  0.13276976 -0.99101573 -5.30808341]
 [-0.97285382  0.22743863  0.04282227  3.43362713]
 [ 0.          0.          0.          1.        ]]"
5.414143085479736,"[[ 0.23163259  0.96447766  0.12590324 -9.51327508]
 [-0.01265359  0.1322292  -0.99085051 -5.26397207]
 [-0.97261999  0.22755135  0.04257379  3.41013243]
 [ 0.          0.          0.          1.        ]]"
5.447272062301636,"[[ 0.23263463  0.9643792   0.12556018 -9.54693447]
 [-0.0119915   0.1319291  -0.99111282 -5.27420234]
 [-0.97257446  0.22867568  0.0419929   3.31529477]
 [ 0.          0.          0.          1.        ]]"
5.481460094451904,"[[ 0.23299537  0.96434189  0.12536678 -9.52453157]
 [-0.01168658  0.13172298 -0.9912005  -5.25700784]
 [-0.97255722  0.2290462   0.04166771  3.30122095]
 [ 0.          0.          0.          1.        ]]"
5.515627861022949,"[[ 0.23309059  0.96436125  0.12504092 -9.52520806]
 [-0.01138466  0.13130302 -0.99125285 -5.21955056]
 [-0.97249334  0.22929706  0.04136054  3.25776874]
 [ 0.          0.          0.          1.        ]]"
5.549919128417969,"[[ 0.23354282  0.96408338  0.12552718 -9.53357172]
 [-0.01112884  0.13163122 -0.99099788 -5.27911592]
 [-0.97230003  0.22947154  0.0410768   3.19159138]
 [ 0.          0.          0.          1.        ]]"
5.583568096160889,"[[ 0.23331294  0.96422521  0.12527118 -9.50834297]
 [-0.01075937  0.13132753 -0.99114634 -5.24659981]
 [-0.97238087  0.22950024  0.04074119  3.23081608]
 [ 0.          0.          0.          1.        ]]"
5.620110988616943,"[[ 0.2336336   0.96415419  0.12502167 -9.47458211]
 [-0.01063648  0.13103475 -0.9911381  -5.17289587]
 [-0.97231143  0.22971098  0.04051103  3.17952336]
 [ 0.          0.          0.          1.        ]]"
5.653659105300903,"[[ 0.23362814  0.96424566  0.12512389 -9.51114827]
 [-0.01026574  0.13117827 -0.99133231 -5.18985655]
 [-0.97239771  0.23004421  0.04036183  3.13373744]
 [ 0.          0.          0.          1.        ]]"
5.688420057296753,"[[ 0.23262021  0.96438594  0.12541342 -9.47838781]
 [-0.01088358  0.13149014 -0.9911486  -5.20056822]
 [-0.97256078  0.22881155  0.0408202   3.2242213 ]
 [ 0.          0.          0.          1.        ]]"
5.722644090652466,"[[ 0.23240719  0.96451866  0.1251937  -9.46090184]
 [-0.01089062  0.13133178 -0.99128051 -5.18867672]
 [-0.97267892  0.22869983  0.04081288  3.22896758]
 [ 0.          0.          0.          1.        ]]"
5.756412029266357,"[[ 0.23258165  0.96437798  0.1253272  -9.49453679]
 [-0.01102634  0.13139587 -0.99110104 -5.22590048]
 [-0.97253871  0.22869481  0.04089465  3.18792241]
 [ 0.          0.          0.          1.        ]]"
5.790050983428955,"[[ 0.23167885  0.9646329   0.12552769 -9.47610417]
 [-0.01145727  0.13175314 -0.99118224 -5.23455125]
 [-0.97282749  0.22784982  0.04134077  3.25369469]
 [ 0.          0.          0.          1.        ]]"
5.822766065597534,"[[ 0.23167885  0.9646329   0.12552769 -9.43736225]
 [-0.01145727  0.13175314 -0.99118224 -5.21961751]
 [-0.97282749  0.22784982  0.04134077  3.24493584]
 [ 0.          0.          0.          1.        ]]"
5.8556671142578125,"[[ 0.23132964  0.96471614  0.12579156 -9.48259986]
 [-0.01217715  0.13220933 -0.99117779 -5.2522435 ]
 [-0.97290527  0.22754369  0.04218865  3.21165757]
 [ 0.          0.          0.          1.        ]]"
5.887392997741699,"[[ 0.23081398  0.96479097  0.12595005 -9.46676414]
 [-0.01251814  0.13240647 -0.99109547 -5.27841303]
 [-0.97303054  0.22683469  0.04240375  3.25138458]
 [ 0.          0.          0.          1.        ]]"
5.919497013092041,"[[ 0.23110079  0.96460313  0.12625761 -9.43215546]
 [-0.01253917  0.13261584 -0.99089682 -5.25598566]
 [-0.97283077  0.22703822  0.04248289  3.25461728]
 [ 0.          0.          0.          1.        ]]"
5.953811168670654,"[[ 0.23192987  0.96450767  0.12630148 -9.46496959]
 [-0.01190846  0.13275013 -0.99113281 -5.28378926]
 [-0.97289194  0.22787459  0.04194278  3.19860704]
 [ 0.          0.          0.          1.        ]]"
5.987756967544556,"[[ 0.23147905  0.96458639  0.12628536 -9.50289814]
 [-0.0128006   0.13282911 -0.99102613 -5.29289696]
 [-0.97282799  0.22752658  0.04291886  3.23332012]
 [ 0.          0.          0.          1.        ]]"
6.0210120677948,"[[ 0.23172566  0.96456351  0.12600533 -9.45158682]
 [-0.01201227  0.13236782 -0.99109713 -5.24639611]
 [-0.97277993  0.22788759  0.04208224  3.23137015]
 [ 0.          0.          0.          1.        ]]"
6.056288957595825,"[[ 0.23208789  0.96455202  0.12578245 -9.49904901]
 [-0.01166803  0.13215432 -0.99123264 -5.21769507]
 [-0.97279241  0.22830102  0.04173659  3.24659935]
 [ 0.          0.          0.          1.        ]]"
6.090627908706665,"[[ 0.23199948  0.96440071  0.12587688 -9.55104394]
 [-0.01191658  0.13208383 -0.99090523 -5.23035591]
 [-0.97261937  0.22787295  0.04177825  3.2349    ]
 [ 0.          0.          0.          1.        ]]"
6.1231689453125,"[[ 0.23274087  0.96435841  0.12558359 -9.54492637]
 [-0.01172502  0.13190602 -0.99113545 -5.23855916]
 [-0.97256165  0.22883083  0.04175257  3.22513389]
 [ 0.          0.          0.          1.        ]]"
6.157249927520752,"[[ 0.23235438  0.96448161  0.12581709 -9.5388528 ]
 [-0.01155643  0.13219069 -0.9912323  -5.24908406]
 [-0.97277164  0.22847618  0.04160274  3.23609622]
 [ 0.          0.          0.          1.        ]]"
6.193028926849365,"[[ 0.23236812  0.96444963  0.1255256  -9.56730567]
 [-0.01210306  0.13189267 -0.99111301 -5.23960468]
 [-0.97259519  0.22850052  0.04212673  3.2136714 ]
 [ 0.          0.          0.          1.        ]]"
6.225455045700073,"[[ 0.2325779   0.9643549   0.12546711 -9.5544338 ]
 [-0.01179643  0.13169751 -0.99103451 -5.24271796]
 [-0.97248595  0.22865679  0.04175946  3.23158843]
 [ 0.          0.          0.          1.        ]]"
6.259491920471191,"[[ 0.2325779   0.9643549   0.12546711 -9.52894274]
 [-0.01179643  0.13169751 -0.99103451 -5.2614097 ]
 [-0.97248595  0.22865679  0.04175946  3.23253189]
 [ 0.          0.          0.          1.        ]]"
6.292846918106079,"[[ 0.23319245  0.96417794  0.12588857 -9.54507633]
 [-0.01147854  0.13213474 -0.99104046 -5.32885177]
 [-0.97241243  0.2292512   0.04160152  3.18570837]
 [ 0.          0.          0.          1.        ]]"
6.3267130851745605,"[[ 0.23304278  0.96424633  0.12581279 -9.53174779]
 [-0.01192535  0.1321696  -0.99107073 -5.32794372]
 [-0.97242729  0.22918464  0.04211054  3.19804541]
 [ 0.          0.          0.          1.        ]]"
6.3616931438446045,"[[ 0.23281538  0.96432113  0.12565041 -9.50413352]
 [-0.01166589  0.13194535 -0.99110695 -5.31920821]
 [-0.97252234  0.2289101   0.04171705  3.22587619]
 [ 0.          0.          0.          1.        ]]"
6.395841836929321,"[[ 0.2328618   0.96435304  0.12537144 -9.5194892 ]
 [-0.01097468  0.13150657 -0.99118699 -5.27958306]
 [-0.9725258   0.22907791  0.04096424  3.19305308]
 [ 0.          0.          0.          1.        ]]"
6.4295289516448975,"[[ 0.23255378  0.96444015  0.12544641 -9.48929696]
 [-0.01096823  0.13159951 -0.99122151 -5.3071933 ]
 [-0.97262523  0.22881595  0.04096556  3.21165148]
 [ 0.          0.          0.          1.        ]]"
6.463505029678345,"[[ 0.2320719   0.96453118  0.12550068 -9.44129714]
 [-0.01074698  0.13155884 -0.99119238 -5.27283782]
 [-0.97272426  0.22832591  0.04065689  3.26489068]
 [ 0.          0.          0.          1.        ]]"
6.497278213500977,"[[ 0.23211344  0.96451462  0.12539092 -9.47958919]
 [-0.01086485  0.13142957 -0.99115841 -5.24866237]
 [-0.97264599  0.22841294  0.04078946  3.22531113]
 [ 0.          0.          0.          1.        ]]"
6.530580043792725,"[[ 0.23154845  0.96452855  0.12550895 -9.49784691]
 [-0.01153106  0.13151818 -0.99091094 -5.2710122 ]
 [-0.97260369  0.22765402  0.04133223  3.20659758]
 [ 0.          0.          0.          1.        ]]"
6.56403112411499,"[[ 0.23136501  0.96474615  0.12545213 -9.4400722 ]
 [-0.01129863  0.131678   -0.99125802 -5.21968585]
 [-0.97297337  0.22753429  0.04110379  3.25014721]
 [ 0.          0.          0.          1.        ]]"
6.596285104751587,"[[ 0.23144996  0.96468209  0.12539467 -9.43902586]
 [-0.01123621  0.13153726 -0.99117085 -5.18386282]
 [-0.97289286  0.22753262  0.0409678   3.18999976]
 [ 0.          0.          0.          1.        ]]"
6.628925085067749,"[[ 0.23131552  0.9646582   0.12584838 -9.48092703]
 [-0.01190993  0.13214403 -0.99108277 -5.22522982]
 [-0.97288261  0.22738118  0.04180196  3.21432868]
 [ 0.          0.          0.          1.        ]]"
6.661416053771973,"[[ 0.23087919  0.96481339  0.12564633 -9.46518078]
 [-0.01184811  0.13193777 -0.99116231 -5.21398751]
 [-0.97301904  0.22700584  0.04166     3.25650774]
 [ 0.          0.          0.          1.        ]]"
6.6944050788879395,"[[ 0.2317329   0.96447109  0.1258422  -9.46773152]
 [-0.012028    0.13204734 -0.99090569 -5.242234  ]
 [-0.97264009  0.22769793  0.04191203  3.22704927]
 [ 0.          0.          0.          1.        ]]"
6.7261879444122314,"[[ 0.23173998  0.96460544  0.12580094 -9.49190077]
 [-0.01184352  0.13216062 -0.99117182 -5.26194614]
 [-0.97284004  0.22787949  0.04183277  3.23702696]
 [ 0.          0.          0.          1.        ]]"
6.759207010269165,"[[ 0.23151125  0.96451926  0.12583023 -9.49960795]
 [-0.01192014  0.13199176 -0.99090098 -5.21658758]
 [-0.97268826  0.22747705  0.04175663  3.25501892]
 [ 0.          0.          0.          1.        ]]"
6.791919946670532,"[[ 0.23184181  0.96450116  0.12580653 -9.5133725 ]
 [-0.01168358  0.13200877 -0.99102341 -5.26391484]
 [-0.97268588  0.22793841  0.04163079  3.2489611 ]
 [ 0.          0.          0.          1.        ]]"
6.824875831604004,"[[ 0.23201381  0.96449793  0.12588845 -9.54637365]
 [-0.01225307  0.13231905 -0.99108367 -5.28714901]
 [-0.97273887  0.22802287  0.04226003  3.28212606]
 [ 0.          0.          0.          1.        ]]"
6.858461141586304,"[[ 0.23239878  0.9643857   0.12575263 -9.53268965]
 [-0.01205224  0.13208068 -0.99103346 -5.29133664]
 [-0.97256266  0.22846295  0.04208687  3.29803706]
 [ 0.          0.          0.          1.        ]]"
6.892806053161621,"[[ 0.23295537  0.96425103  0.12577348 -9.53543317]
 [-0.0116787   0.1320565  -0.9910513  -5.30565463]
 [-0.97247293  0.22898521  0.04173916  3.23319786]
 [ 0.          0.          0.          1.        ]]"
6.926495790481567,"[[ 0.23318972  0.96408389  0.12577277 -9.55578395]
 [-0.01195433  0.13196013 -0.99082354 -5.29270689]
 [-0.97223797  0.22906984  0.0419626   3.23175754]
 [ 0.          0.          0.          1.        ]]"
6.9617249965667725,"[[ 0.23334319  0.96428813  0.12534821 -9.58875333]
 [-0.01151107  0.13171651 -0.99126155 -5.26749176]
 [-0.97250925  0.22946784  0.04157144  3.23903322]
 [ 0.          0.          0.          1.        ]]"
6.994301080703735,"[[ 0.23394971  0.96416578  0.12529274 -9.55866095]
 [-0.01148788  0.13170309 -0.99129905 -5.29467119]
 [-0.97238044  0.23011578  0.04164892  3.23592923]
 [ 0.          0.          0.          1.        ]]"
7.0275890827178955,"[[ 0.23392346  0.96407774  0.1254268  -9.57098381]
 [-0.01124194  0.13165928 -0.99114117 -5.29386874]
 [-0.97225938  0.23005919  0.04137567  3.23515748]
 [ 0.          0.          0.          1.        ]]"
7.065417051315308,"[[ 0.23391782  0.96410384  0.12527669 -9.58962148]
 [-0.01109046  0.13149082 -0.99118168 -5.26872421]
 [-0.97230576  0.23000529  0.04113759  3.21219141]
 [ 0.          0.          0.          1.        ]]"
7.097398996353149,"[[ 0.23285373  0.96438166  0.12533122 -9.57515058]
 [-0.01155399  0.13163217 -0.99120904 -5.26835704]
 [-0.97254909  0.22902883  0.04157045  3.21622182]
 [ 0.          0.          0.          1.        ]]"
7.130615949630737,"[[ 0.23300793  0.96428789  0.12515026 -9.52785147]
 [-0.0110136   0.13119728 -0.99109928 -5.23329533]
 [-0.97238006  0.22920856  0.0409495   3.24361688]
 [ 0.          0.          0.          1.        ]]"
7.164320945739746,"[[ 0.2331882   0.96425602  0.12527203 -9.53887834]
 [-0.01100341  0.13138221 -0.99113832 -5.21894951]
 [-0.97241022  0.22934259  0.0409722   3.22220102]
 [ 0.          0.          0.          1.        ]]"
7.196243047714233,"[[ 0.23227016  0.96454589  0.12540644 -9.52614812]
 [-0.01101836  0.13158674 -0.99128388 -5.26941068]
 [-0.97269165  0.22868097  0.04106955  3.22378472]
 [ 0.          0.          0.          1.        ]]"
7.229333162307739,"[[ 0.2323048   0.96436484  0.12556095 -9.49755895]
 [-0.01137744  0.13163867 -0.99096213 -5.23890965]
 [-0.97254301  0.22826734  0.04119942  3.22042629]
 [ 0.          0.          0.          1.        ]]"
7.263789892196655,"[[ 0.23226128  0.96441236  0.12550872 -9.50766215]
 [-0.01155768  0.13165018 -0.99101509 -5.25548915]
 [-0.97254502  0.22835602  0.04146809  3.20197663]
 [ 0.          0.          0.          1.        ]]"
7.297883033752441,"[[ 0.23136124  0.9647229   0.12559222 -9.48330895]
 [-0.01206935  0.13197874 -0.99119099 -5.27508616]
 [-0.97292028  0.22749584  0.04196879  3.24449258]
 [ 0.          0.          0.          1.        ]]"
7.330280065536499,"[[ 0.2317227   0.96454915  0.12551166 -9.44065705]
 [-0.01168524  0.13170317 -0.99103537 -5.23208924]
 [-0.97276276  0.22763329  0.04141545  3.2252041 ]
 [ 0.          0.          0.          1.        ]]"
7.363544940948486,"[[ 0.23199012  0.96450806  0.1257307  -9.49519817]
 [-0.01176324  0.13201364 -0.99109451 -5.27298058]
 [-0.97271964  0.22806731  0.04171392  3.18403251]
 [ 0.          0.          0.          1.        ]]"
7.397294998168945,"[[ 0.2310046   0.96464476  0.12633408 -9.49614719]
 [-0.01325968  0.13289611 -0.99090891 -5.3358217 ]
 [-0.97287411  0.22690437  0.04326668  3.22468529]
 [ 0.          0.          0.          1.        ]]"
7.42995285987854,"[[ 0.23135627  0.96451047  0.12631127 -9.44283827]
 [-0.01308563  0.13279223 -0.99082169 -5.32565546]
 [-0.9727733   0.22707805  0.0429968   3.21709029]
 [ 0.          0.          0.          1.        ]]"
7.4633870124816895,"[[ 0.23170413  0.96445718  0.12629285 -9.47514363]
 [-0.01291002  0.13278648 -0.99088252 -5.31300035]
 [-0.97272601  0.22749951  0.04290072  3.17590205]
 [ 0.          0.          0.          1.        ]]"
7.4982590675354,"[[ 0.23126039  0.96461517  0.12601938 -9.50639905]
 [-0.01311206  0.1325365  -0.9909391  -5.30628133]
 [-0.9728031   0.22717601  0.04306631  3.24162305]
 [ 0.          0.          0.          1.        ]]"
7.532416820526123,"[[ 0.23178805  0.9644431   0.1264015  -9.4902136 ]
 [-0.01254779  0.13286206 -0.99092568 -5.3145133 ]
 [-0.9727765   0.22757067  0.0425368   3.20100235]
 [ 0.          0.          0.          1.        ]]"
7.566658973693848,"[[ 0.2321694   0.9644119   0.12627016 -9.48733221]
 [-0.01234537  0.13272206 -0.99102349 -5.33603728]
 [-0.97265387  0.22825869  0.04253761  3.20596637]
 [ 0.          0.          0.          1.        ]]"
7.601439952850342,"[[ 0.23214813  0.96436872  0.12618919 -9.46868879]
 [-0.01254929  0.13260409 -0.99091395 -5.2962105 ]
 [-0.97258605  0.22810212  0.04264174  3.27645321]
 [ 0.          0.          0.          1.        ]]"
7.6363139152526855,"[[ 0.2322003   0.96437462  0.12606058 -9.47322315]
 [-0.01200942  0.13233431 -0.99095405 -5.28760349]
 [-0.97254383  0.22832406  0.04212682  3.25631414]
