1.7821478843688965,"[[ 0.23401963  0.96375094  0.1279275  -9.48010025]
 [-0.01343569  0.13477828 -0.99074349 -5.60784234]
 [-0.97221218  0.22985109  0.04429633  2.96973941]
 [ 0.          0.          0.          1.        ]]"
1.8143761157989502,"[[ 0.23154791  0.96445346  0.12691382 -9.32432271]
 [-0.01150448  0.13312827 -0.9909309  -5.38480615]
 [-0.97278912  0.22767501  0.04170653  3.31609358]
 [ 0.          0.          0.          1.        ]]"
1.848595142364502,"[[ 0.23331997  0.96425546  0.12489736 -9.34465572]
 [-0.01074639  0.13089911 -0.99116164 -5.18816174]
 [-0.97231371  0.22959824  0.04068375  3.30064655]
 [ 0.          0.          0.          1.        ]]"
1.881026029586792,"[[ 2.32971390e-01  9.64289200e-01  1.25561274e-01 -9.64940160e+00]
 [-9.36227917e-03  1.31329951e-01 -9.91208173e-01 -5.33992472e+00]
 [-9.72553388e-01  2.29253795e-01  3.92878905e-02  3.20155455e+00]
 [ 0.00000000e+00  0.00000000e+00  0.00000000e+00  1.00000000e+00]]"
1.913844108581543,"[[ 0.23146586  0.96491363  0.12403941 -9.4825447 ]
 [-0.01115322  0.13019155 -0.99146797 -5.06039496]
 [-0.97291814  0.22783101  0.04071207  3.47149418]
 [ 0.          0.          0.          1.        ]]"
1.9486119747161865,"[[  0.23280615   0.96425028   0.12538426 -10.16249469]
 [ -0.01151216   0.13147093  -0.99094162  -4.43375267]
 [ -0.97236048   0.22881558   0.0414015    1.14117032]
 [  0.           0.           0.           1.        ]]"
1.9798979759216309,"[[ 0.23215144  0.96438706  0.12610726 -9.4484657 ]
 [-0.01162009  0.13231562 -0.99098212 -5.30653203]
 [-0.97261154  0.22824118  0.04168098  3.26835055]
 [ 0.          0.          0.          1.        ]]"
2.0123860836029053,"[[ 0.23183311  0.96437763  0.12594551 -9.43781407]
 [-0.011499    0.13194195 -0.99080374 -5.27156047]
 [-0.97251955  0.22784208  0.0413873   3.32701949]
 [ 0.          0.          0.          1.        ]]"
2.0470659732818604,"[[ 0.23196843  0.96450099  0.1257181  -9.45155546]
 [-0.01155897  0.13193434 -0.99107905 -5.25641943]
 [-0.97271479  0.22803859  0.04147478  3.32335841]
 [ 0.          0.          0.          1.        ]]"
2.0806448459625244,"[[ 0.2321997   0.96447591  0.12530386 -9.47098504]
 [-0.01076357  0.1312808  -0.99111877 -5.19322779]
 [-0.97259464  0.22845381  0.04063294  3.27711981]
 [ 0.          0.          0.          1.        ]]"
2.114751100540161,"[[ 0.23175941  0.96462048  0.12529016 -9.45315609]
 [-0.01120395  0.13143628 -0.99118353 -5.20272208]
 [-0.97282278  0.22783709  0.04094615  3.33389013]
 [ 0.          0.          0.          1.        ]]"
2.150109052658081,"[[ 0.23147118  0.96462116  0.12561127 -9.44835483]
 [-0.01180446  0.13185792 -0.99106527 -5.22606163]
 [-0.97285392  0.22740289  0.04155482  3.33623354]
 [ 0.          0.          0.          1.        ]]"
2.1841201782226562,"[[ 0.23128937  0.9647189   0.12580331 -9.43238156]
 [-0.01195076  0.13216142 -0.99117664 -5.24294747]
 [-0.97291648  0.22751229  0.04194037  3.3437288 ]
 [ 0.          0.          0.          1.        ]]"
2.21765398979187,"[[ 0.2314627   0.96455284  0.1259662  -9.44000732]
 [-0.01212525  0.13223313 -0.99094942 -5.2484177 ]
 [-0.972747    0.22746467  0.04204229  3.30181942]
 [ 0.          0.          0.          1.        ]]"
2.253051996231079,"[[ 0.23167722  0.96458103  0.12599387 -9.46363239]
 [-0.01178159  0.13233677 -0.99112505 -5.25399727]
 [-0.97287607  0.22770443  0.041732    3.26534544]
 [ 0.          0.          0.          1.        ]]"
2.28656005859375,"[[ 0.23103588  0.96470505  0.12577439 -9.44429506]
 [-0.01144505  0.13189435 -0.99105509 -5.19290393]
 [-0.97289015  0.22718137  0.04127359  3.3197022 ]
 [ 0.          0.          0.          1.        ]]"
2.321126937866211,"[[ 0.23098196  0.96466863  0.1259908  -9.44279409]
 [-0.01186531  0.13218424 -0.99096813 -5.22719616]
 [-0.97287496  0.22701724  0.04171308  3.33495618]
 [ 0.          0.          0.          1.        ]]"
2.354945182800293,"[[ 0.2304342   0.96479541  0.12593564 -9.47473062]
 [-0.01287993  0.13230858 -0.99090948 -5.24861401]
 [-0.97294023  0.22640561  0.04269722  3.37962616]
 [ 0.          0.          0.          1.        ]]"
2.3880369663238525,"[[ 0.23133871  0.96464497  0.12600609 -9.44714954]
 [-0.01192242  0.13231823 -0.99108269 -5.22249937]
 [-0.97286781  0.22747739  0.0419097   3.33348538]
 [ 0.          0.          0.          1.        ]]"
2.423128843307495,"[[ 0.23197456  0.96441545  0.12628215 -9.43498076]
 [-0.0111449   0.13240528 -0.99100022 -5.27613231]
 [-0.97271196  0.22804302  0.04116393  3.25681633]
 [ 0.          0.          0.          1.        ]]"
2.455137014389038,"[[ 0.23168978  0.96449845  0.12604963 -9.48035697]
 [-0.01154106  0.13222319 -0.99098634 -5.26908898]
 [-0.9727522   0.22769633  0.04145673  3.32111975]
 [ 0.          0.          0.          1.        ]]"
2.4885499477386475,"[[ 0.2321271   0.96435582  0.12571694 -9.44383758]
 [-0.01120912  0.13167601 -0.99088102 -5.26474004]
 [-0.97247022  0.22822961  0.0411125   3.28004003]
 [ 0.          0.          0.          1.        ]]"
2.523391008377075,"[[ 0.23320367  0.96416408  0.12580127 -9.49381346]
 [-0.01122948  0.13195533 -0.9910201  -5.31408099]
 [-0.97238542  0.229258    0.04129759  3.18783716]
 [ 0.          0.          0.          1.        ]]"
2.5582330226898193,"[[ 0.23287051  0.96424975  0.12573126 -9.50691371]
 [-0.01135623  0.13185905 -0.99101019 -5.29621751]
 [-0.97237425  0.22909995  0.04148152  3.23465451]
 [ 0.          0.          0.          1.        ]]"
2.592944860458374,"[[ 0.23325594  0.96417465  0.12561491 -9.4488507 ]
 [-0.01084884  0.13167235 -0.99105859 -5.24431167]
 [-0.97237036  0.22937895  0.0408786   3.22242614]
 [ 0.          0.          0.          1.        ]]"
2.6298608779907227,"[[ 0.23336694  0.96414108  0.12588663 -9.45555586]
 [-0.01084278  0.13199488 -0.99107563 -5.30037049]
 [-0.9723781   0.22953243  0.04099235  3.14232098]
 [ 0.          0.          0.          1.        ]]"
2.6632139682769775,"[[ 0.23193628  0.96453968  0.12552049 -9.4787739 ]
 [-0.01164851  0.13175406 -0.99111126 -5.23429088]
 [-0.97271814  0.2280337   0.04153517  3.26775842]
 [ 0.          0.          0.          1.        ]]"
2.698004961013794,"[[ 0.23189386  0.9646436   0.12541211 -9.46146052]
 [-0.01226446  0.13191339 -0.99125578 -5.22209222]
 [-0.97285969  0.22796381  0.04217787  3.27492947]
 [ 0.          0.          0.          1.        ]]"
2.7319929599761963,"[[ 0.23175027  0.96462639  0.12590083 -9.49100242]
 [-0.01229735  0.13241893 -0.99120727 -5.2954255 ]
 [-0.9728716   0.22790119  0.04237621  3.21897348]
 [ 0.          0.          0.          1.        ]]"
2.7654731273651123,"[[ 0.2309034   0.96467519  0.12607249 -9.45435501]
 [-0.0126466   0.13244143 -0.99091955 -5.24468719]
 [-0.9728739   0.22684417  0.04252623  3.30219723]
 [ 0.          0.          0.          1.        ]]"
2.799433946609497,"[[ 0.23109103  0.96480461  0.12571624 -9.39953777]
 [-0.01216671  0.13216457 -0.99123484 -5.20472664]
 [-0.97302718  0.22726255  0.04209915  3.32080994]
 [ 0.          0.          0.          1.        ]]"
2.833444833755493,"[[ 0.23141054  0.96448912  0.12655817 -9.46783385]
 [-0.01247592  0.13292278 -0.99085528 -5.31013349]
 [-0.97275661  0.22734086  0.04253326  3.2207112 ]
 [ 0.          0.          0.          1.        ]]"
2.8676650524139404,"[[ 0.23111084  0.96466027  0.12642579 -9.48138529]
 [-0.01258497  0.13291275 -0.99102635 -5.30693806]
 [-0.97292528  0.22718784  0.04268302  3.2227906 ]
 [ 0.          0.          0.          1.        ]]"
2.904592990875244,"[[ 0.2313125   0.96459419  0.12632754 -9.46364956]
 [-0.01285771  0.1328427  -0.99096871 -5.33057142]
 [-0.97283832  0.22729464  0.04292229  3.22607115]
 [ 0.          0.          0.          1.        ]]"
2.938253164291382,"[[ 0.23197652  0.96450096  0.12641067 -9.49195827]
 [-0.01176976  0.13282753 -0.99115156 -5.29523936]
 [-0.97282943  0.22814325  0.04197016  3.20961247]
 [ 0.          0.          0.          1.        ]]"
2.9753339290618896,"[[ 0.23203906  0.96433739  0.1263281  -9.50170082]
 [-0.01147579  0.13242072 -0.99086348 -5.29832707]
 [-0.97254162  0.22814362  0.04156438  3.21448264]
 [ 0.          0.          0.          1.        ]]"
3.009503126144409,"[[ 0.23228208  0.96438779  0.12579352 -9.52732967]
 [-0.0117171   0.13200963 -0.99100356 -5.26442526]
 [-0.9725688   0.22835436  0.04171163  3.26552496]
 [ 0.          0.          0.          1.        ]]"
3.04315185546875,"[[ 0.23238954  0.96439253  0.12578727 -9.55169349]
 [-0.01141159  0.13197865 -0.99107383 -5.24629013]
 [-0.97258527  0.22855226  0.04145085  3.25630446]
 [ 0.          0.          0.          1.        ]]"
3.0786828994750977,"[[ 0.23268548  0.96435959  0.1254609  -9.56552257]
 [-0.01149097  0.13166655 -0.99110482 -5.26278027]
 [-0.97250243  0.22885468  0.04149867  3.2730104 ]
 [ 0.          0.          0.          1.        ]]"
3.1114439964294434,"[[ 0.2331168   0.96434915  0.12508782 -9.55709138]
 [-0.01114301  0.13131466 -0.99126194 -5.19538846]
 [-0.97253678  0.22924849  0.0410621   3.31903885]
 [ 0.          0.          0.          1.        ]]"
3.1452181339263916,"[[ 0.23268914  0.96430483  0.12501978 -9.50710448]
 [-0.01120805  0.13099229 -0.99096579 -5.19289434]
 [-0.97237095  0.22870895  0.04095456  3.33265376]
 [ 0.          0.          0.          1.        ]]"
3.1783969402313232,"[[ 0.23270873  0.96445933  0.12501768 -9.52815096]
 [-0.01112195  0.13118774 -0.99127059 -5.23238859]
 [-0.97254951  0.22905595  0.04109878  3.26615697]
 [ 0.          0.          0.          1.        ]]"
3.2132461071014404,"[[ 0.23219154  0.96456175  0.12480055 -9.54554484]
 [-0.01153228  0.13098612 -0.99119462 -5.19181456]
 [-0.97265079  0.2283063   0.04126274  3.33001325]
 [ 0.          0.          0.          1.        ]]"
3.2482500076293945,"[[ 0.23233796  0.96457443  0.12488049 -9.49257864]
 [-0.01108413  0.13104942 -0.99131232 -5.1801997 ]
 [-0.97268928  0.2286207   0.04092729  3.2992158 ]
 [ 0.          0.          0.          1.        ]]"
3.281334161758423,"[[ 0.2319789   0.96452198  0.125818   -9.46967943]
 [-0.01201259  0.13219279 -0.99111483 -5.29366742]
 [-0.97274657  0.22806051  0.04201799  3.21458999]
 [ 0.          0.          0.          1.        ]]"
3.3163018226623535,"[[ 0.23137944  0.9646474   0.12593603 -9.46005207]
 [-0.01230745  0.13235354 -0.99108394 -5.27616797]
 [-0.9728852   0.22740873  0.04225369  3.29612774]
 [ 0.          0.          0.          1.        ]]"
3.351081132888794,"[[ 0.23127387  0.9646356   0.12588957 -9.41186834]
 [-0.01172253  0.13210394 -0.99103396 -5.24028283]
 [-0.9728645   0.22730713  0.04157424  3.27547939]
 [ 0.          0.          0.          1.        ]]"
3.384194850921631,"[[ 0.23134931  0.96451694  0.12628487 -9.4853484 ]
 [-0.0120895   0.13251565 -0.99086654 -5.32005799]
 [-0.97274461  0.22731168  0.04204123  3.18635947]
 [ 0.          0.          0.          1.        ]]"
3.4181439876556396,"[[ 0.23075843  0.96476535  0.12626414 -9.48666509]
 [-0.01256945  0.13274295 -0.99105484 -5.2701942 ]
 [-0.97304888  0.22675567  0.04252051  3.31195061]
 [ 0.          0.          0.          1.        ]]"
3.452524185180664,"[[ 0.23178457  0.96442341  0.12658684 -9.41711563]
 [-0.0120587   0.13292886 -0.99092504 -5.31423177]
 [-0.97275268  0.22771381  0.04213864  3.24477606]
 [ 0.          0.          0.          1.        ]]"
3.485297918319702,"[[ 0.23173856  0.9644179   0.1264295  -9.48402067]
 [-0.01246512  0.13279118 -0.99085413 -5.32211238]
 [-0.97267065  0.22764842  0.04252074  3.24189613]
 [ 0.          0.          0.          1.        ]]"
3.519284963607788,"[[ 0.23103233  0.96485623  0.12582097 -9.50241905]
 [-0.01198787  0.13231761 -0.99133066 -5.23293111]
 [-0.9731509   0.22721523  0.04193681  3.3098434 ]
 [ 0.          0.          0.          1.        ]]"
3.5524539947509766,"[[ 0.2321916   0.96450448  0.12526382 -9.49535863]
 [-0.01134292  0.13140611 -0.99114093 -5.22302776]
 [-0.97261798  0.22840474  0.0412391   3.23141658]
 [ 0.          0.          0.          1.        ]]"
3.5857040882110596,"[[ 0.23231413  0.96461135  0.12521107 -9.52062342]
 [-0.01153249  0.13159803 -0.99138957 -5.24132485]
 [-0.97278264  0.22865237  0.04155536  3.26222524]
 [ 0.          0.          0.          1.        ]]"
3.620413064956665,"[[ 0.23241624  0.96451194  0.12515882 -9.51773849]
 [-0.01153128  0.13143374 -0.99124069 -5.21368664]
 [-0.97265681  0.22861077  0.04144891  3.27801688]
 [ 0.          0.          0.          1.        ]]"
3.654060125350952,"[[ 0.23274867  0.96449269  0.12507419 -9.4816366 ]
 [-0.0109402   0.13127395 -0.99136581 -5.21251217]
 [-0.97260086  0.22921533  0.04100375  3.25513866]
 [ 0.          0.          0.          1.        ]]"
3.687376022338867,"[[ 0.23234473  0.96445568  0.12515429 -9.5172098 ]
 [-0.01138503  0.13130512 -0.99111124 -5.21365154]
 [-0.9726273   0.22832821  0.04112798  3.22747587]
 [ 0.          0.          0.          1.        ]]"
3.7225091457366943,"[[ 0.23189331  0.96458318  0.12525451 -9.50528561]
 [-0.01160044  0.13148367 -0.99115189 -5.21491871]
 [-0.97277165  0.22790576  0.04135107  3.30047935]
 [ 0.          0.          0.          1.        ]]"
3.7550878524780273,"[[ 0.23102026  0.96469969  0.12559517 -9.46280125]
 [-0.0126962   0.13193669 -0.99095906 -5.23187016]
 [-0.97279016  0.22705564  0.04253078  3.33160254]
 [ 0.          0.          0.          1.        ]]"
3.7879281044006348,"[[ 0.23083056  0.9647815   0.12598692 -9.4608719 ]
 [-0.01289578  0.13255086 -0.99107746 -5.27274248]
 [-0.97306659  0.22669349  0.04273253  3.36742325]
 [ 0.          0.          0.          1.        ]]"
3.821864128112793,"[[ 0.23101563  0.96472485  0.12585183 -9.47621197]
 [-0.01279107  0.13233634 -0.99103779 -5.28309281]
 [-0.97294368  0.22694149  0.04264306  3.30367697]
 [ 0.          0.          0.          1.        ]]"
3.854491949081421,"[[ 0.23041292  0.96479366  0.12608705 -9.47617454]
 [-0.01300549  0.13252444 -0.99091151 -5.24668393]
 [-0.97299427  0.22630436  0.04282398  3.34823935]
 [ 0.          0.          0.          1.        ]]"
3.886911153793335,"[[ 0.23063578  0.96477099  0.12606973 -9.50943439]
 [-0.01307454  0.13257237 -0.99096329 -5.28315367]
 [-0.97297528  0.22656765  0.04295917  3.309866  ]
 [ 0.          0.          0.          1.        ]]"
3.921797037124634,"[[ 0.23112868  0.96463994  0.1263651  -9.51162388]
 [-0.01333169  0.13301039 -0.99096097 -5.31253233]
 [-0.97292688  0.2269609   0.04333471  3.24150511]
 [ 0.          0.          0.          1.        ]]"
3.9537899494171143,"[[ 0.23176413  0.96446714  0.12622713 -9.50278953]
 [-0.01264155  0.13266488 -0.99092877 -5.29614448]
 [-0.97269475  0.22771764  0.04269907  3.2720499 ]
 [ 0.          0.          0.          1.        ]]"
3.986536979675293,"[[ 0.2320052   0.96450966  0.12586512 -9.50395963]
 [-0.01177104  0.13220486 -0.99112379 -5.24748654]
 [-0.97279001  0.22801187  0.04171948  3.24559698]
 [ 0.          0.          0.          1.        ]]"
4.022680044174194,"[[ 0.23304914  0.96418753  0.12594041 -9.54036583]
 [-0.01122631  0.13206432 -0.99100217 -5.31132395]
 [-0.97234694  0.22929173  0.04142921  3.12771292]
 [ 0.          0.          0.          1.        ]]"
4.056771993637085,"[[ 0.23237405  0.9643089   0.12587403 -9.50563971]
 [-0.01118397  0.13192098 -0.9909301  -5.24800792]
 [-0.97253266  0.22834647  0.04108512  3.25890625]
 [ 0.          0.          0.          1.        ]]"
4.090557098388672,"[[ 0.23265081  0.96432207  0.12564034 -9.47341012]
 [-0.01083282  0.13167811 -0.99106903 -5.225698  ]
 [-0.97252826  0.22877394  0.04078036  3.2573902 ]
 [ 0.          0.          0.          1.        ]]"
4.122434854507446,"[[ 0.23296924  0.96433121  0.12580202 -9.4982698 ]
 [-0.01095367  0.13205177 -0.9912478  -5.30840214]
 [-0.97262023  0.22917343  0.04107394  3.16833381]
 [ 0.          0.          0.          1.        ]]"
4.15636682510376,"[[ 0.23197201  0.96452417  0.12557818 -9.50756299]
 [-0.01078861  0.13163313 -0.99114537 -5.24858458]
 [-0.97276726  0.22807673  0.04060999  3.2657848 ]
 [ 0.          0.          0.          1.        ]]"
4.1899871826171875,"[[ 0.23204766  0.96443209  0.1255367  -9.48627353]
 [-0.01087053  0.13146928 -0.99098813 -5.20489204]
 [-0.97256989  0.2281842   0.04070669  3.24661575]
 [ 0.          0.          0.          1.        ]]"
4.224323987960815,"[[ 0.23209031  0.96441458  0.1258341  -9.50475559]
 [-0.01123418  0.13190808 -0.99099245 -5.25953116]
 [-0.9725989   0.22821145  0.04118911  3.1824307 ]
 [ 0.          0.          0.          1.        ]]"
4.25842809677124,"[[ 0.23116574  0.9645989   0.12639059 -9.46075022]
 [-0.01215497  0.13272263 -0.99095374 -5.29023881]
 [-0.97289692  0.22710644  0.04210992  3.31202945]
 [ 0.          0.          0.          1.        ]]"
4.292030096054077,"[[ 0.23093558  0.96463621  0.12627043 -9.43455118]
 [-0.01255727  0.1326219  -0.99088695 -5.27262577]
 [-0.97287035  0.22684889  0.04246588  3.33755545]
 [ 0.          0.          0.          1.        ]]"
4.328397989273071,"[[ 0.23169998  0.96451429  0.12620768 -9.48072076]
 [-0.01183591  0.13249401 -0.99102233 -5.29293347]
 [-0.97275559  0.22781839  0.041904    3.23973725]
 [ 0.          0.          0.          1.        ]]"
4.363330841064453,"[[ 0.23161289  0.96452367  0.12611025 -9.48208693]
 [-0.01174809  0.13236862 -0.99100221 -5.24444027]
 [-0.97282917  0.22751837  0.04162833  3.27801104]
 [ 0.          0.          0.          1.        ]]"
4.397269010543823,"[[ 0.2318249   0.96454141  0.1257434  -9.4229281 ]
 [-0.01178104  0.13201981 -0.99108484 -5.18762978]
 [-0.9727596   0.22787796  0.04169669  3.26904056]
 [ 0.          0.          0.          1.        ]]"
4.429265975952148,"[[ 0.2324212   0.96426611  0.12591471 -9.45326538]
 [-0.01145353  0.13195994 -0.99085528 -5.26114537]
 [-0.97240767  0.2284872   0.04145569  3.17470504]
 [ 0.          0.          0.          1.        ]]"
4.462700128555298,"[[ 0.23249084  0.96430677  0.12583304 -9.44237342]
 [-0.01151912  0.13199189 -0.99096026 -5.2649773 ]
 [-0.97252678  0.22845504  0.04146021  3.22362356]
 [ 0.          0.          0.          1.        ]]"
4.496287107467651,"[[ 0.23267706  0.96441023  0.12550642 -9.44610857]
 [-0.01107858  0.13172165 -0.99122716 -5.22899149]
 [-0.97264951  0.22883052  0.04105342  3.22865259]
 [ 0.          0.          0.          1.        ]]"
4.529059886932373,"[[ 0.23333013  0.96431997  0.12517223 -9.49453335]
 [-0.01036454  0.13126869 -0.9913439  -5.21287835]
 [-0.97252377  0.22964599  0.04037824  3.17061458]
 [ 0.          0.          0.          1.        ]]"
4.564493894577026,"[[ 0.23285592  0.9642442   0.12538312 -9.49554128]
 [-0.01112053  0.13138573 -0.99096855 -5.22431973]
 [-0.97235537  0.22893884  0.04102335  3.18465095]
 [ 0.          0.          0.          1.        ]]"
4.598133087158203,"[[ 0.23256781  0.96437533  0.12559991 -9.46357372]
 [-0.01126446  0.13177292 -0.99110999 -5.25186143]
 [-0.97257565  0.22869048  0.04123926  3.21162071]
 [ 0.          0.          0.          1.        ]]"
4.631036043167114,"[[ 0.23231055  0.96433856  0.12571134 -9.4683763 ]
 [-0.01152921  0.1318069  -0.99092132 -5.28024003]
 [-0.97249646  0.22832108  0.04143745  3.27380444]
 [ 0.          0.          0.          1.        ]]"
4.663051128387451,"[[ 0.23222475  0.96445099  0.12588563 -9.4664217 ]
 [-0.01091537  0.13204627 -0.9911537  -5.30723764]
 [-0.97278332  0.22824746  0.04082062  3.28062031]
 [ 0.          0.          0.          1.        ]]"
4.6960248947143555,"[[ 0.23171292  0.96453086  0.12603277 -9.44502796]
 [-0.01170624  0.13229462 -0.99104938 -5.31392954]
 [-0.97278636  0.22776763  0.04167516  3.27631385]
 [ 0.          0.          0.          1.        ]]"
4.728549957275391,"[[ 0.23088287  0.9647874   0.12585814 -9.47183335]
 [-0.01235563  0.13228152 -0.99111739 -5.25591805]
 [-0.97302445  0.22691547  0.04221765  3.3670454 ]
 [ 0.          0.          0.          1.        ]]"
4.760952949523926,"[[ 0.23130966  0.96469816  0.12568136 -9.47396624]
 [-0.01234209  0.13208371 -0.99111576 -5.28280458]
 [-0.9728667   0.22742971  0.0422724   3.25378617]
 [ 0.          0.          0.          1.        ]]"
4.795450925827026,"[[ 0.23135932  0.96466574  0.12611667 -9.45848829]
 [-0.01223526  0.13257481 -0.99113342 -5.32322357]
 [-0.97294003  0.22745027  0.04226434  3.23352024]
 [ 0.          0.          0.          1.        ]]"
4.828444004058838,"[[ 0.23133771  0.96458331  0.12596722 -9.45829138]
 [-0.01236961  0.1322871  -0.99094082 -5.27308675]
 [-0.97277547  0.22730671  0.04227347  3.30386883]
 [ 0.          0.          0.          1.        ]]"
4.86164402961731,"[[ 0.23226294  0.9644714   0.12607376 -9.50918884]
 [-0.01246759  0.13264841 -0.99115608 -5.3376873 ]
 [-0.97273968  0.22835341  0.04264522  3.18979009]
 [ 0.          0.          0.          1.        ]]"
4.895318031311035,"[[ 0.23259094  0.964251    0.12612387 -9.52095707]
 [-0.01217056  0.13245545 -0.99090329 -5.35660845]
 [-0.97249864  0.2284733   0.04222113  3.14307976]
 [ 0.          0.          0.          1.        ]]"
4.929886102676392,"[[ 0.23227279  0.96455247  0.12518412 -9.52918624]
 [-0.0117533   0.13151942 -0.99124655 -5.2098507 ]
 [-0.97270175  0.22845033  0.04167095  3.23263931]
 [ 0.          0.          0.          1.        ]]"
4.963423013687134,"[[ 0.23320023  0.9643024   0.12534237 -9.53407826]
 [-0.01141765  0.13163358 -0.99122219 -5.25329422]
 [-0.97247169  0.22940761  0.04149476  3.11581161]
 [ 0.          0.          0.          1.        ]]"
4.997729063034058,"[[ 0.23335329  0.96419597  0.12569607 -9.54339582]
 [-0.01127032  0.1319523  -0.99113852 -5.31186379]
 [-0.97244797  0.22942951  0.04136035  3.0921686 ]
 [ 0.          0.          0.          1.        ]]"
5.031141996383667,"[[ 0.23261077  0.96438912  0.1254028  -9.50185906]
 [-0.01150194  0.13162344 -0.99112303 -5.25180761]
 [-0.97255476  0.22871974  0.04144694  3.22700283]
 [ 0.          0.          0.          1.        ]]"
5.064178943634033,"[[ 0.23248003  0.96431091  0.1254155  -9.53834879]
 [-0.01189175  0.13155687 -0.99089619 -5.26421838]
 [-0.97241311  0.22842297  0.0417369   3.18929018]
 [ 0.          0.          0.          1.        ]]"
5.0968849658966064,"[[ 0.2318098   0.96453976  0.125609   -9.57593072]
 [-0.01177318  0.13182857 -0.99105552 -5.27881864]
 [-0.97268923  0.22793342  0.04169113  3.20231603]
 [ 0.          0.          0.          1.        ]]"
5.129812002182007,"[[ 0.23077673  0.96497005  0.12523534 -9.50564197]
 [-0.01203881  0.13168161 -0.99136472 -5.21255862]
 [-0.97317721  0.22694862  0.04179047  3.3797871 ]
 [ 0.          0.          0.          1.        ]]"
5.163773059844971,"[[ 0.23111883  0.96478131  0.12566566 -9.50309732]
 [-0.01229467  0.13213012 -0.99119685 -5.26455299]
 [-0.97303667  0.22712826  0.04212373  3.33384174]
 [ 0.          0.          0.          1.        ]]"
5.196547985076904,"[[ 0.23128249  0.96459679  0.12634992 -9.53476285]
 [-0.01249029  0.13279335 -0.9909832  -5.35563976]
 [-0.97289058  0.22721467  0.04248527  3.2724094 ]
 [ 0.          0.          0.          1.        ]]"
5.230541229248047,"[[ 0.23121618  0.96463868  0.12587781 -9.53194019]
 [-0.01221973  0.1321577  -0.99098342 -5.31073594]
 [-0.972781    0.22733514  0.0421647   3.35749121]
 [ 0.          0.          0.          1.        ]]"
5.264516830444336,"[[ 0.23185224  0.9646551   0.12558003 -9.55759898]
 [-0.01198797  0.13205547 -0.9912903  -5.29295614]
 [-0.97290994  0.22797698  0.04194954  3.29702979]
 [ 0.          0.          0.          1.        ]]"
5.29598593711853,"[[ 0.23199119  0.96442915  0.12583707 -9.58523986]
 [-0.01249611  0.13220888 -0.99092639 -5.30167884]
 [-0.97264174  0.22782349  0.04238466  3.26921923]
 [ 0.          0.          0.          1.        ]]"
5.329910039901733,"[[ 0.23207468  0.96440249  0.12544048 -9.49550002]
 [-0.01177937  0.13153861 -0.99089598 -5.26045449]
 [-0.9725175   0.22801004  0.04155508  3.33539752]
 [ 0.          0.          0.          1.        ]]"
5.363168001174927,"[[ 0.23258735  0.96435178  0.12547752 -9.47556409]
 [-0.01117812  0.13156414 -0.99106038 -5.27280882]
 [-0.97249226  0.22874861  0.04113273  3.30101233]
 [ 0.          0.          0.          1.        ]]"
5.3970818519592285,"[[ 0.23273353  0.96436433  0.12555751 -9.5004255 ]
 [-0.01072995  0.13162723 -0.99117797 -5.25506624]
 [-0.97253055  0.22906312  0.04079742  3.26754266]
 [ 0.          0.          0.          1.        ]]"
5.429005146026611,"[[ 0.23219027  0.96447908  0.12529341 -9.50023763]
 [-0.01138187  0.13141403 -0.99109333 -5.23626793]
 [-0.97258872  0.22836211  0.04125958  3.27966927]
 [ 0.          0.          0.          1.        ]]"
5.46258807182312,"[[ 0.23169553  0.96462368  0.12556433 -9.45462221]
 [-0.01183447  0.13189796 -0.99116506 -5.23159662]
 [-0.97286433  0.22770906  0.04166931  3.32021696]
 [ 0.          0.          0.          1.        ]]"
5.4958600997924805,"[[ 0.23139462  0.96463411  0.12562377 -9.45185952]
 [-0.0122796   0.13194292 -0.99102883 -5.22920563]
 [-0.97278633  0.22742827  0.04213631  3.294286  ]
 [ 0.          0.          0.          1.        ]]"
5.529086112976074,"[[ 0.23133647  0.96463326  0.1261335  -9.44517698]
 [-0.01207001  0.13250344 -0.99107063 -5.27946549]
 [-0.97290604  0.22737917  0.04204572  3.31996533]
 [ 0.          0.          0.          1.        ]]"
5.562299013137817,"[[ 0.23136218  0.96462469  0.12639443 -9.42970641]
 [-0.01205706  0.13279723 -0.99109124 -5.28207818]
 [-0.97289768  0.22754664  0.04220009  3.31102461]
 [ 0.          0.          0.          1.        ]]"
5.596453905105591,"[[ 0.23160775  0.96447488  0.12627989 -9.46627353]
 [-0.0125577   0.13267698 -0.99088686 -5.28082267]
 [-0.97274606  0.22743688  0.04251387  3.29267339]
 [ 0.          0.          0.          1.        ]]"
5.629647970199585,"[[ 0.23184944  0.96444224  0.1262381  -9.53525683]
 [-0.01264859  0.13269384 -0.99092498 -5.31929467]
 [-0.97271116  0.22770321  0.04265804  3.2305111 ]
 [ 0.          0.          0.          1.        ]]"
5.662584066390991,"[[ 0.23231124  0.96439882  0.12586917 -9.51186578]
 [-0.01219287  0.13223702 -0.9910249  -5.30122898]
 [-0.97258435  0.22837891  0.04226403  3.21539179]
 [ 0.          0.          0.          1.        ]]"
5.69562292098999,"[[ 0.23220157  0.96453525  0.12586889 -9.45861606]
 [-0.01167308  0.13227931 -0.99126138 -5.27766161]
 [-0.97279056  0.22845213  0.04180949  3.26527113]
 [ 0.          0.          0.          1.        ]]"
5.727439880371094,"[[ 0.23262007  0.96422439  0.12601203 -9.5101954 ]
 [-0.01146572  0.1321136  -0.99087999 -5.29022352]
 [-0.97242189  0.22862382  0.04148777  3.21941317]
 [ 0.          0.          0.          1.        ]]"
5.760568141937256,"[[ 0.23230466  0.96433835  0.12599761 -9.50331056]
 [-0.01166228  0.13221462 -0.99095252 -5.28437033]
 [-0.97262092  0.22816475  0.04156996  3.24323213]
 [ 0.          0.          0.          1.        ]]"
5.795574188232422,"[[ 0.2318849   0.96451506  0.12560937 -9.47757819]
 [-0.01192103  0.13185921 -0.9910365  -5.24778848]
 [-0.97266504  0.22796777  0.04183852  3.27677874]
 [ 0.          0.          0.          1.        ]]"
5.829927921295166,"[[ 0.23186491  0.96457486  0.12579996 -9.46067311]
 [-0.01159922  0.13210641 -0.99118022 -5.2896669 ]
 [-0.97281127  0.22803741  0.04160162  3.22564547]
 [ 0.          0.          0.          1.        ]]"
5.862962007522583,"[[ 0.23148266  0.96464602  0.12621341 -9.424502  ]
 [-0.01162169  0.13256724 -0.99118857 -5.29101634]
 [-0.97294509  0.22769381  0.04171031  3.27813857]
 [ 0.          0.          0.          1.        ]]"
5.896397829055786,"[[ 0.23109473  0.96466584  0.12617523 -9.36632579]
 [-0.01197904  0.13248677 -0.99103252 -5.27138277]
 [-0.97294082  0.22711287  0.04190157  3.36260524]
 [ 0.          0.          0.          1.        ]]"
5.929912090301514,"[[ 0.23155943  0.96461047  0.12611606 -9.46823153]
 [-0.01213884  0.13255134 -0.99112281 -5.29612528]
 [-0.97288715  0.22764263  0.04218072  3.29179179]
 [ 0.          0.          0.          1.        ]]"
5.962550163269043,"[[ 0.23128838  0.96473261  0.12590129 -9.49454066]
 [-0.01205934  0.13233884 -0.99121214 -5.3108687 ]
 [-0.97298393  0.22745669  0.04205589  3.28974891]
 [ 0.          0.          0.          1.        ]]"
5.9952380657196045,"[[ 0.23081985  0.96476445  0.12610088 -9.50006376]
 [-0.01267018  0.13257464 -0.99105392 -5.30186705]
 [-0.9729835   0.22688813  0.04264181  3.33264378]
 [ 0.          0.          0.          1.        ]]"
6.027090072631836,"[[ 0.23188852  0.96437646  0.12606821 -9.51847537]
 [-0.01173317  0.13218117 -0.9908343  -5.29464016]
 [-0.97257875  0.22781813  0.04164109  3.27595852]
 [ 0.          0.          0.          1.        ]]"
6.0601959228515625,"[[ 0.23199676  0.96442529  0.12607262 -9.55467126]
 [-0.01165598  0.13230761 -0.99098713 -5.31969096]
 [-0.97272028  0.22790279  0.04157119  3.2991269 ]
 [ 0.          0.          0.          1.        ]]"
6.095740079879761,"[[ 0.23178677  0.96450735  0.12562588 -9.55345773]
 [-0.01160792  0.13175717 -0.99099254 -5.30132641]
 [-0.97265516  0.22786203  0.04147253  3.31937906]
 [ 0.          0.          0.          1.        ]]"
6.128374099731445,"[[ 0.23236473  0.96433842  0.12542692 -9.62936921]
 [-0.01151755  0.13147812 -0.99091385 -5.29301159]
 [-0.97244849  0.22835707  0.04134127  3.20544405]
 [ 0.          0.          0.          1.        ]]"
6.163192987442017,"[[ 0.2321564   0.96459374  0.1252935  -9.6412275 ]
 [-0.0114876   0.131618   -0.99129964 -5.31355159]
 [-0.97280437  0.22832883  0.04139089  3.2161783 ]
 [ 0.          0.          0.          1.        ]]"
6.196207046508789,"[[ 0.23165388  0.96467058  0.12545113 -9.57461727]
 [-0.0116597   0.13173326 -0.99122096 -5.30153292]
 [-0.97281348  0.2279412   0.04161869  3.24993405]
 [ 0.          0.          0.          1.        ]]"
6.2291951179504395,"[[ 0.23213031  0.96450551  0.12542745 -9.49756176]
 [-0.01124176  0.1315746  -0.99114164 -5.27484126]
 [-0.97268321  0.22827235  0.04111771  3.25058636]
 [ 0.          0.          0.          1.        ]]"
6.263639211654663,"[[ 0.23189915  0.96463463  0.12570603 -9.51572385]
 [-0.01126548  0.13202471 -0.99131655 -5.30233767]
 [-0.97290947  0.22814328  0.04126844  3.22908801]
 [ 0.          0.          0.          1.        ]]"
6.2974631786346436,"[[ 0.23195332  0.96449933  0.1255837  -9.53218108]
 [-0.01155119  0.1317431  -0.99104972 -5.30962289]
 [-0.9726444   0.22809401  0.04146928  3.21882632]
 [ 0.          0.          0.          1.        ]]"
6.330655097961426,"[[ 0.23209252  0.9645268   0.12552571 -9.51689136]
 [-0.01157386  0.13175439 -0.9911537  -5.27586415]
 [-0.97263864  0.22841473  0.04162451  3.22396636]
 [ 0.          0.          0.          1.        ]]"
6.363795042037964,"[[ 0.23224703  0.96450341  0.1253865  -9.53795677]
 [-0.01157704  0.13164551 -0.99117172 -5.26700149]
 [-0.9726773   0.22838094  0.04149292  3.2217118 ]
 [ 0.          0.          0.          1.        ]]"
6.396578073501587,"[[ 0.2325508   0.96428039  0.12569899 -9.49805772]
 [-0.01165923  0.13183137 -0.99091201 -5.2890905 ]
 [-0.97243222  0.22854473  0.04160204  3.23114687]
 [ 0.          0.          0.          1.        ]]"
6.429248094558716,"[[ 0.23310336  0.96432012  0.12532941 -9.50624764]
 [-0.01106576  0.13152303 -0.99122543 -5.28188942]
 [-0.97249079  0.22934431  0.04110828  3.21353302]
 [ 0.          0.          0.          1.        ]]"
6.462207078933716,"[[ 0.23304207  0.96432114  0.12549324 -9.52779331]
 [-0.01096452  0.13169151 -0.99122599 -5.28727558]
 [-0.97255597  0.22921194  0.04098699  3.19181915]
 [ 0.          0.          0.          1.        ]]"
6.495134115219116,"[[ 0.23304207  0.96432114  0.12549324 -9.57908438]
 [-0.01096452  0.13169151 -0.99122599 -5.29998937]
 [-0.97255597  0.22921194  0.04098699  3.16006379]
 [ 0.          0.          0.          1.        ]]"
6.527317047119141,"[[ 0.23259082  0.96444888  0.12559346 -9.50497896]
 [-0.01118001  0.13187039 -0.99126662 -5.28308284]
 [-0.97270077  0.2287895   0.04121007  3.18513339]
 [ 0.          0.          0.          1.        ]]"
6.560518026351929,"[[ 0.23239927  0.96449469  0.12555899 -9.47150822]
 [-0.01143926  0.13186474 -0.99124825 -5.26013601]
 [-0.97269769  0.22864885  0.04149125  3.19674528]
 [ 0.          0.          0.          1.        ]]"
6.5947699546813965,"[[ 0.23235931  0.9644037   0.12596568 -9.48514818]
 [-0.01143169  0.13219827 -0.9910989  -5.27252402]
 [-0.97261336  0.22858778  0.04156274  3.17850643]
 [ 0.          0.          0.          1.        ]]"
6.6276280879974365,"[[ 0.23219487  0.9645753   0.12581631 -9.4530715 ]
 [-0.01162987  0.13228842 -0.9913379  -5.27060249]
 [-0.97290462  0.22834301  0.04168711  3.22101566]
 [ 0.          0.          0.          1.        ]]"
6.661169052124023,"[[ 0.2320652   0.96448332  0.12573106 -9.44036047]
 [-0.01191107  0.13204426 -0.99107547 -5.24882716]
 [-0.97269543  0.22810165  0.04186132  3.23704842]
 [ 0.          0.          0.          1.        ]]"
6.69531512260437,"[[ 0.23208054  0.96439098  0.12626042 -9.4843546 ]
 [-0.01213772  0.13261687 -0.99095634 -5.27144608]
 [-0.97267005  0.2280164   0.04218659  3.22942653]
 [ 0.          0.          0.          1.        ]]"
6.727973937988281,"[[ 0.23231124  0.96439882  0.12586917 -9.4330555 ]
 [-0.01219287  0.13223702 -0.9910249  -5.24296808]
 [-0.97258435  0.22837891  0.04226403  3.29784415]
 [ 0.          0.          0.          1.        ]]"
6.759832859039307,"[[ 0.23296418  0.96428257  0.12597141 -9.41188469]
 [-0.01176294  0.1323615  -0.99113324 -5.20632642]
 [-0.97253804  0.22909223  0.04195956  3.27489844]
 [ 0.          0.          0.          1.        ]]"
6.794579982757568,"[[ 0.23290419  0.96430891  0.12610553 -9.45301027]
 [-0.01162278  0.132522   -0.99118153 -5.25179839]
 [-0.97263269  0.22900256  0.04181773  3.23435996]
 [ 0.          0.          0.          1.        ]]"
6.826049089431763,"[[ 0.23212845  0.96441898  0.12587482 -9.44722506]
 [-0.01235059  0.13223697 -0.99097373 -5.27371835]
 [-0.97259203  0.2281467   0.04237749  3.25460506]
 [ 0.          0.          0.          1.        ]]"
6.85985803604126,"[[ 0.2320794   0.96439231  0.12585321 -9.43861804]
 [-0.01189162  0.13204885 -0.99091885 -5.23248956]
 [-0.97256316  0.22807671  0.04183641  3.23634015]
 [ 0.          0.          0.          1.        ]]"
6.893810987472534,"[[ 0.23232102  0.96435954  0.12581136 -9.47089713]
 [-0.01198264  0.13206557 -0.99095706 -5.25567536]
 [-0.9725282   0.22834302  0.04198053  3.22534449]
 [ 0.          0.          0.          1.        ]]"
6.927706956863403,"[[ 0.23126457  0.96460758  0.12590572 -9.4126794 ]
 [-0.01186645  0.13208083 -0.99096358 -5.23596188]
 [-0.97274749  0.22741624  0.04180663  3.28570312]
 [ 0.          0.          0.          1.        ]]"
