2.1470541954040527,"[[ 0.23107781  0.96485046  0.12490173 -9.75373675]
 [-0.01160586  0.131108   -0.9912501  -5.18208086]
 [-0.97295969  0.22724664  0.04124992  3.1676001 ]
 [ 0.          0.          0.          1.        ]]"
2.683509111404419,"[[ 0.23127898  0.96480169  0.12494624 -9.75490489]
 [-0.01072839  0.13098083 -0.99129353 -5.18391254]
 [-0.9729686   0.22747887  0.04034205  3.16369209]
 [ 0.          0.          0.          1.        ]]"
3.223513126373291,"[[ 0.23150677  0.96459722  0.12521348 -9.78290908]
 [-0.01144419  0.13123988 -0.99099881 -5.24337286]
 [-0.9726862   0.22756848  0.04112782  3.10218166]
 [ 0.          0.          0.          1.        ]]"
3.762671947479248,"[[ 0.23134324  0.96475488  0.12496594 -9.734194  ]
 [-0.01153361  0.13115236 -0.99120214 -5.19457228]
 [-0.97290984  0.22737902  0.0411365   3.16729606]
 [ 0.          0.          0.          1.        ]]"
4.295687913894653,"[[ 0.23111789  0.96480402  0.12518401 -9.76943253]
 [-0.01326875  0.13178783 -0.99113898 -5.25523864]
 [-0.97292854  0.22704978  0.04301642  3.08621934]
 [ 0.          0.          0.          1.        ]]"
4.829517126083374,"[[ 0.23099675  0.96473981  0.1253501  -9.730603  ]
 [-0.01188877  0.1315323  -0.99104126 -5.21388032]
 [-0.972891    0.22697089  0.04153173  3.18106104]
 [ 0.          0.          0.          1.        ]]"
5.3642661571502686,"[[ 0.22991463  0.96506725  0.12527522 -9.73049689]
 [-0.01265737  0.13167307 -0.99113882 -5.22749601]
 [-0.97321884  0.22588821  0.04221413  3.24439237]
 [ 0.          0.          0.          1.        ]]"
5.894716024398804,"[[ 0.23092821  0.96475537  0.12537582 -9.7117698 ]
 [-0.01225902  0.13164798 -0.99102781 -5.25357607]
 [-0.97291131  0.22684455  0.04190125  3.14819803]
 [ 0.          0.          0.          1.        ]]"
6.429525136947632,"[[ 0.23071856  0.96488145  0.12493936 -9.78139874]
 [-0.01243831  0.1312544  -0.99111615 -5.21073908]
 [-0.97297131  0.22669102  0.04199336  3.16843814]
 [ 0.          0.          0.          1.        ]]"
6.960665225982666,"[[ 0.23090843  0.96484165  0.12512941 -9.80665062]
 [-0.01165182  0.13131959 -0.99118104 -5.24427789]
 [-0.97297977  0.22701676  0.04129386  3.18040734]
 [ 0.          0.          0.          1.        ]]"
7.49979305267334,"[[ 0.23178234  0.964559    0.1254459  -9.78165544]
 [-0.01141703  0.13158114 -0.99108099 -5.24762227]
 [-0.972731    0.22785093  0.04121397  3.09072524]
 [ 0.          0.          0.          1.        ]]"
8.036634922027588,"[[ 0.23089149  0.96474654  0.12522889 -9.75138283]
 [-0.01204663  0.13137783 -0.99098313 -5.21796561]
 [-0.97283628  0.22687131  0.04165658  3.20264703]
 [ 0.          0.          0.          1.        ]]"
8.569649934768677,"[[ 0.23079741  0.9648746   0.12485744 -9.7178811 ]
 [-0.01165765  0.13099696 -0.99116388 -5.18059255]
 [-0.97297177  0.2268634   0.0411807   3.21310279]
 [ 0.          0.          0.          1.        ]]"
9.10379409790039,"[[ 0.23120281  0.96481994  0.12490073 -9.81699561]
 [-0.01136166  0.13105384 -0.99125831 -5.17924028]
 [-0.97293086  0.22740442  0.04101876  3.13289543]
 [ 0.          0.          0.          1.        ]]"
9.640565156936646,"[[ 0.23179115  0.96476573  0.1244066  -9.79859631]
 [-0.01150605  0.13065156 -0.99136326 -5.15188709]
 [-0.97285207  0.22795116  0.04111076  3.07191457]
 [ 0.          0.          0.          1.        ]]"
10.180179119110107,"[[ 0.23120067  0.96488302  0.1245928  -9.79057858]
 [-0.01102358  0.13069222 -0.99135818 -5.14874078]
 [-0.9729682   0.22749099  0.04062457  3.19722513]
 [ 0.          0.          0.          1.        ]]"
10.716527223587036,"[[ 0.2312323   0.96473068  0.12515732 -9.73804496]
 [-0.01135021  0.13124988 -0.99113126 -5.1880382 ]
 [-0.9728691   0.22732421  0.04099937  3.15681769]
 [ 0.          0.          0.          1.        ]]"
11.25130295753479,"[[ 0.2298098   0.96517851  0.12501754 -9.73549489]
 [-0.0120425   0.1313163  -0.99129647 -5.16907099]
 [-0.97327147  0.22607512  0.04164757  3.23983018]
 [ 0.          0.          0.          1.        ]]"
11.789689064025879,"[[ 0.23088354  0.96501482  0.12489026 -9.74821003]
 [-0.0115564   0.13125238 -0.99147942 -5.18881244]
 [-0.97318313  0.22719339  0.04127461  3.12809358]
 [ 0.          0.          0.          1.        ]]"
12.323232173919678,"[[ 0.23046214  0.96484765  0.12509576 -9.70691594]
 [-0.01144382  0.13105492 -0.99099347 -5.16279175]
 [-0.9729206   0.22650259  0.04092894  3.20879851]
 [ 0.          0.          0.          1.        ]]"
12.85559606552124,"[[ 0.231596    0.96470816  0.12483668 -9.78683989]
 [-0.0113758   0.1309895  -0.99121949 -5.15483824]
 [-0.97284776  0.22765193  0.04097689  3.18591854]
 [ 0.          0.          0.          1.        ]]"
13.38956594467163,"[[ 0.23095791  0.96483294  0.12512749 -9.75686129]
 [-0.0107819   0.13110391 -0.99121878 -5.17688616]
 [-0.9729408   0.22728082  0.04047687  3.14633453]
 [ 0.          0.          0.          1.        ]]"
13.926408052444458,"[[ 0.23066449  0.96490763  0.12478733 -9.82569318]
 [-0.01216495  0.13100768 -0.99113278 -5.21679189]
 [-0.97294132  0.2267574   0.04171917  3.18718568]
 [ 0.          0.          0.          1.        ]]"
14.4624662399292,"[[ 0.23111968  0.96477241  0.12504126 -9.78342723]
 [-0.01130645  0.13111677 -0.99114956 -5.19213303]
 [-0.97289969  0.22721552  0.04090645  3.20016614]
 [ 0.          0.          0.          1.        ]]"
15.000466108322144,"[[ 0.23149426  0.96474218  0.12478906 -9.72926877]
 [-0.01099125  0.13081588 -0.99124035 -5.16407582]
 [-0.97279454  0.22780705  0.04068922  3.12248464]
 [ 0.          0.          0.          1.        ]]"
15.541757106781006,"[[ 0.23098232  0.96479165  0.12515932 -9.7589858 ]
 [-0.01183868  0.13135808 -0.99111472 -5.21153766]
 [-0.97292661  0.22700861  0.04146168  3.25140481]
 [ 0.          0.          0.          1.        ]]"
16.078572034835815,"[[ 0.23129501  0.96491618  0.12436482 -9.78369409]
 [-0.01082968  0.13044977 -0.99144562 -5.14070657]
 [-0.97297173  0.22768629  0.04043307  3.14184832]
 [ 0.          0.          0.          1.        ]]"
