2.287303924560547,"[[-3.35437033e-01 -7.30608258e-01 -5.94836945e-01 -1.94186225e+01]
 [ 2.57653050e-01  5.36036981e-01 -8.04046509e-01  4.81293011e+01]
 [ 9.06407453e-01 -4.22784025e-01  8.47885142e-03  1.58822084e+02]
 [ 0.00000000e+00  0.00000000e+00  0.00000000e+00  1.00000000e+00]]"
2.822066307067871,"[[-9.03794746e-01 -2.93406362e-01 -3.12290154e-01  1.93671638e+01]
 [ 2.93042973e-01  1.07709640e-01 -9.50234479e-01  4.36680819e+01]
 [ 3.12755919e-01 -9.50074609e-01 -1.15648767e-02  1.24468888e+02]
 [ 0.00000000e+00  0.00000000e+00  0.00000000e+00  1.00000000e+00]]"
3.3614840507507324,"[[-2.36230987e-01 -9.46036045e-01 -2.21466782e-01  4.23344541e+01]
 [ 1.02493734e-01  2.02360461e-01 -9.73887143e-01  3.37893205e+01]
 [ 9.66284228e-01 -2.52823557e-01  4.92332640e-02  1.44998743e+02]
 [ 0.00000000e+00  0.00000000e+00  0.00000000e+00  1.00000000e+00]]"
3.90268611907959,"[[-1.26702914e-01 -9.00560218e-01 -4.16114947e-01  6.11900079e+00]
 [-7.66316352e-02  4.26991099e-01 -9.01187355e-01  5.25096274e+01]
 [ 9.89143186e-01 -8.20672046e-02 -1.23113310e-01  1.19636907e+02]
 [ 0.00000000e+00  0.00000000e+00  0.00000000e+00  1.00000000e+00]]"
4.440246105194092,"[[ 4.24436466e-02 -8.73228796e-01 -4.85466067e-01  1.02018970e+01]
 [-6.23893189e-02  4.82615407e-01 -8.73674627e-01  4.38927905e+01]
 [ 9.97181260e-01  6.74336688e-02 -3.39634354e-02  1.30007726e+02]
 [ 0.00000000e+00  0.00000000e+00  0.00000000e+00  1.00000000e+00]]"
4.974975109100342,"[[ 4.14522000e-01 -6.76329448e-01 -6.08748098e-01 -6.52142312e-01]
 [-1.63377308e-01  6.02857217e-01 -7.81072368e-01  4.92860666e+01]
 [ 8.95155258e-01  4.23237754e-01  1.39510248e-01  1.52687439e+02]
 [ 0.00000000e+00  0.00000000e+00  0.00000000e+00  1.00000000e+00]]"
5.511252164840698,"[[ 5.03931064e-01 -6.33519729e-01 -5.87222776e-01  2.19664074e+00]
 [-2.77045381e-01  5.25377974e-01 -8.04703933e-01  3.88128788e+01]
 [ 8.18059612e-01  5.68252693e-01  8.92480915e-02  1.39402487e+02]
 [ 0.00000000e+00  0.00000000e+00  0.00000000e+00  1.00000000e+00]]"
