1.8308169841766357,"[[-1.32897616e-02 -9.63790325e-01  2.66984697e-01  1.30991511e+02]
 [ 6.43041131e-02 -2.67465077e-01 -9.61603002e-01 -1.06059065e+01]
 [ 9.98041364e-01  4.51098816e-03  6.53017823e-02  4.30603155e+00]
 [ 0.00000000e+00  0.00000000e+00  0.00000000e+00  1.00000000e+00]]"
1.8659071922302246,"[[-5.65430444e-02 -9.62182752e-01  2.66904918e-01  1.31270176e+02]
 [ 3.84871457e-02 -2.69347693e-01 -9.62347203e-01 -1.07874957e+01]
 [ 9.97778771e-01 -4.41022378e-02  5.21197758e-02  3.82226335e+00]
 [ 0.00000000e+00  0.00000000e+00  0.00000000e+00  1.00000000e+00]]"
1.901447057723999,"[[-5.69699900e-02 -9.61530443e-01  2.68605023e-01  1.31262174e+02]
 [ 5.02100772e-02 -2.71414320e-01 -9.61065736e-01 -1.08264906e+01]
 [ 9.97057324e-01 -4.13391053e-02  6.37923265e-02  3.94038160e+00]
 [ 0.00000000e+00  0.00000000e+00  0.00000000e+00  1.00000000e+00]]"
1.9365150928497314,"[[-5.66051149e-02 -9.62269961e-01  2.66690737e-01  1.31352753e+02]
 [ 4.15301780e-02 -2.69310368e-01 -9.62293849e-01 -1.08713359e+01]
 [ 9.97699379e-01 -4.33038839e-02  5.50208146e-02  4.17794576e+00]
 [ 0.00000000e+00  0.00000000e+00  0.00000000e+00  1.00000000e+00]]"
1.9711573123931885,"[[ 3.39827987e-02 -9.65419630e-01  2.58315965e-01  1.29715895e+02]
 [ 7.72625688e-02 -2.55066686e-01 -9.63702854e-01 -9.62696216e+00]
 [ 9.96341361e-01  5.26079010e-02  6.59939422e-02  4.86539176e+00]
 [ 0.00000000e+00  0.00000000e+00  0.00000000e+00  1.00000000e+00]]"
2.0036280155181885,"[[ 3.36663685e-02 -9.62598839e-01  2.68563338e-01  1.28701178e+02]
 [ 7.50891561e-02 -2.65399816e-01 -9.61049731e-01 -9.06755639e+00]
 [ 9.96484542e-01  5.24033672e-02  6.34570518e-02  4.85714662e+00]
 [ 0.00000000e+00  0.00000000e+00  0.00000000e+00  1.00000000e+00]]"
2.041377067565918,"[[ 6.32593432e-02 -9.54678712e-01  2.91125771e-01  1.30604135e+02]
 [ 7.77412561e-02 -2.86164662e-01 -9.55063609e-01 -7.50627089e+00]
 [ 9.95022106e-01  8.30640329e-02  5.60158815e-02  5.00358864e+00]
 [ 0.00000000e+00  0.00000000e+00  0.00000000e+00  1.00000000e+00]]"
2.075735092163086,"[[-2.13255731e-05 -9.45261428e-01  3.26619538e-01  1.35004007e+02]
 [ 9.71784669e-02 -3.25135988e-01 -9.40686880e-01 -7.32419043e+00]
 [ 9.95336269e-01  3.17148695e-02  9.17492400e-02  1.94093816e+01]
 [ 0.00000000e+00  0.00000000e+00  0.00000000e+00  1.00000000e+00]]"
2.1103310585021973,"[[-8.32646133e-02 -9.45498988e-01  3.15046850e-01  1.32580874e+02]
 [ 1.37802457e-01 -3.24091896e-01 -9.35932997e-01 -9.24510745e+00]
 [ 9.87020989e-01 -3.45442159e-02  1.57186436e-01  3.62720417e+01]
 [ 0.00000000e+00  0.00000000e+00  0.00000000e+00  1.00000000e+00]]"
2.1443052291870117,"[[-1.86298249e-01 -9.43689836e-01  2.73513427e-01  1.26601278e+02]
 [ 2.06404706e-01 -3.09812689e-01 -9.28091100e-01 -1.15795782e+01]
 [ 9.60606210e-01 -1.16498025e-01  2.52462073e-01  6.61067035e+01]
 [ 0.00000000e+00  0.00000000e+00  0.00000000e+00  1.00000000e+00]]"
2.1788201332092285,"[[ -0.26991874  -0.92942229   0.25192978 122.94914455]
 [  0.2151995   -0.31337381  -0.92492338 -12.20677811]
 [  0.93865093  -0.1954878    0.2844925   80.66673008]
 [  0.           0.           0.           1.        ]]"
2.2151291370391846,"[[ -0.35608127  -0.90693197   0.2249159  117.0733355 ]
 [  0.20650439  -0.31112834  -0.92753671 -12.62130053]
 [  0.91128575  -0.2839799    0.29814005  93.14852233]
 [  0.           0.           0.           1.        ]]"
2.24833607673645,"[[ -0.43330754  -0.88668565   0.16147808 104.1461986 ]
 [  0.20939063  -0.27342113  -0.93880949 -11.54129199]
 [  0.87666153  -0.3730439    0.30409397 110.62254523]
 [  0.           0.           0.           1.        ]]"
2.283123254776001,"[[ -0.45511742  -0.88151834   0.12538916  96.60217896]
 [  0.22896986  -0.2520063   -0.94016423 -10.488856  ]
 [  0.8604664   -0.39930169   0.31656565 119.3913719 ]
 [  0.           0.           0.           1.        ]]"
2.3184659481048584,"[[-5.40286288e-01 -8.41017394e-01  2.44815268e-02  7.77189554e+01]
 [ 2.73016060e-01 -2.02845498e-01 -9.40230993e-01 -7.67902636e+00]
 [ 7.95876089e-01 -5.01549829e-01  3.39281011e-01  1.36760163e+02]
 [ 0.00000000e+00  0.00000000e+00  0.00000000e+00  1.00000000e+00]]"
2.351917028427124,"[[-5.90453867e-01 -8.06544058e-01 -2.87295713e-02  6.89288007e+01]
 [ 3.00402286e-01 -1.86767096e-01 -9.35312027e-01 -4.97213996e+00]
 [ 7.49144766e-01 -5.61001375e-01  3.52540220e-01  1.44264870e+02]
 [ 0.00000000e+00  0.00000000e+00  0.00000000e+00  1.00000000e+00]]"
2.384650945663452,"[[-6.25617513e-01 -7.77235419e-01 -6.69536955e-02  6.18454784e+01]
 [ 3.27796111e-01 -1.84218089e-01 -9.26581929e-01 -2.25002763e+00]
 [ 7.07988332e-01 -6.01749245e-01  3.69995573e-01  1.50734708e+02]
 [ 0.00000000e+00  0.00000000e+00  0.00000000e+00  1.00000000e+00]]"
2.417443037033081,"[[-6.66239823e-01 -7.34787339e-01 -1.27401468e-01  5.18328000e+01]
 [ 3.65732522e-01 -1.73335248e-01 -9.14438622e-01  2.85418324e+00]
 [ 6.50028538e-01 -6.55931173e-01  3.84153985e-01  1.56270450e+02]
 [ 0.00000000e+00  0.00000000e+00  0.00000000e+00  1.00000000e+00]]"
2.451540231704712,"[[ -0.67128062  -0.7239513   -0.158773    47.83207294]
 [  0.38732197  -0.1602168   -0.90786592   5.63749234]
 [  0.63196845  -0.67107527   0.38794463 157.39537311]
 [  0.           0.           0.           1.        ]]"
2.48593807220459,"[[-6.69398886e-01 -7.20283378e-01 -1.81712528e-01  4.40514179e+01]
 [ 4.05965229e-01 -1.50022345e-01 -9.01435689e-01  7.78062409e+00]
 [ 6.22163793e-01 -6.77329213e-01  3.92838052e-01  1.58543652e+02]
 [ 0.00000000e+00  0.00000000e+00  0.00000000e+00  1.00000000e+00]]"
2.5190162658691406,"[[-6.69163519e-01 -7.16281557e-01 -1.98164574e-01  4.04047572e+01]
 [ 4.15817196e-01 -1.40178699e-01 -8.98647492e-01  1.04074336e+01]
 [ 6.16121068e-01 -6.83763879e-01  3.91542077e-01  1.57878132e+02]
 [ 0.00000000e+00  0.00000000e+00  0.00000000e+00  1.00000000e+00]]"
2.5525522232055664,"[[-6.73426151e-01 -7.11543407e-01 -1.99986413e-01  4.05348231e+01]
 [ 4.12213099e-01 -1.37317578e-01 -9.00538481e-01  1.13302994e+01]
 [ 6.13591477e-01 -6.89209348e-01  3.85809406e-01  1.54956140e+02]
 [ 0.00000000e+00  0.00000000e+00  0.00000000e+00  1.00000000e+00]]"
2.5858871936798096,"[[-6.69514198e-01 -7.12639315e-01 -2.09303927e-01  4.05298804e+01]
 [ 4.14587348e-01 -1.25051522e-01 -9.01317032e-01  1.18571837e+01]
 [ 6.16371442e-01 -6.90411490e-01  3.79160489e-01  1.52580921e+02]
 [ 0.00000000e+00  0.00000000e+00  0.00000000e+00  1.00000000e+00]]"
2.6183788776397705,"[[-6.48960924e-01 -7.31820062e-01 -2.07118419e-01  4.29606598e+01]
 [ 4.09899891e-01 -1.07351571e-01 -9.05532654e-01  1.06147359e+01]
 [ 6.40697341e-01 -6.73002460e-01  3.69767239e-01  1.49881415e+02]
 [ 0.00000000e+00  0.00000000e+00  0.00000000e+00  1.00000000e+00]]"
2.6511590480804443,"[[-6.41903817e-01 -7.41714668e-01 -1.93475941e-01  4.68983823e+01]
 [ 4.00160753e-01 -1.09062738e-01 -9.09677459e-01  1.00815630e+01]
 [ 6.53787446e-01 -6.61752223e-01  3.66958833e-01  1.47931240e+02]
 [ 0.00000000e+00  0.00000000e+00  0.00000000e+00  1.00000000e+00]]"
2.6856701374053955,"[[-6.35535757e-01 -7.51520216e-01 -1.76349250e-01  5.12690047e+01]
 [ 3.87677893e-01 -1.13334645e-01 -9.14658217e-01  9.12440641e+00]
 [ 6.67568624e-01 -6.49926018e-01  3.63439646e-01  1.45525456e+02]
 [ 0.00000000e+00  0.00000000e+00  0.00000000e+00  1.00000000e+00]]"
2.7191550731658936,"[[-5.97536687e-01 -7.87866474e-01 -1.48882502e-01  6.15493544e+01]
 [ 3.65643979e-01 -1.02743893e-01 -9.25024285e-01  6.02948839e+00]
 [ 7.13708976e-01 -6.07316429e-01  3.49448757e-01  1.39592736e+02]
 [ 0.00000000e+00  0.00000000e+00  0.00000000e+00  1.00000000e+00]]"
2.7534282207489014,"[[-5.69832843e-01 -8.11507368e-01 -1.28212935e-01  6.80452666e+01]
 [ 3.50196086e-01 -9.88750215e-02 -9.31231972e-01  4.24957554e+00]
 [ 7.43248063e-01 -5.75895788e-01  3.40643415e-01  1.36069160e+02]
 [ 0.00000000e+00  0.00000000e+00  0.00000000e+00  1.00000000e+00]]"
2.788640260696411,"[[-5.50668679e-01 -8.27991294e-01 -1.04398799e-01  7.47748545e+01]
 [ 3.30624092e-01 -1.01723361e-01 -9.38057954e-01  2.24074520e+00]
 [ 7.66323722e-01 -5.51419634e-01  3.29878735e-01  1.31988486e+02]
 [ 0.00000000e+00  0.00000000e+00  0.00000000e+00  1.00000000e+00]]"
2.82149600982666,"[[-5.09420032e-01 -8.57769908e-01 -6.48861299e-02  8.65264965e+01]
 [ 2.95481012e-01 -1.03681224e-01 -9.49355384e-01 -1.57209861e+00]
 [ 8.07891561e-01 -5.03310397e-01  3.06506516e-01  1.23435243e+02]
 [ 0.00000000e+00  0.00000000e+00  0.00000000e+00  1.00000000e+00]]"
2.855715036392212,"[[-4.89167350e-01 -8.70586331e-01 -5.48514462e-02  9.09163532e+01]
 [ 2.81284238e-01 -9.81167742e-02 -9.54718478e-01 -3.38004816e+00]
 [ 8.25855625e-01 -4.82330327e-01  2.92733161e-01  1.19057401e+02]
 [ 0.00000000e+00  0.00000000e+00  0.00000000e+00  1.00000000e+00]]"
2.901616096496582,"[[-4.66641367e-01 -8.84538887e-01 -9.01904459e-03  1.03546135e+02]
 [ 2.34158229e-01 -1.13926624e-01 -9.65638458e-01 -6.95129477e+00]
 [ 8.53181399e-01 -4.52588933e-01  2.60116203e-01  1.07849093e+02]
 [ 0.00000000e+00  0.00000000e+00  0.00000000e+00  1.00000000e+00]]"
2.9346930980682373,"[[-4.62397024e-01 -8.86368205e-01  1.96610066e-02  1.11242036e+02]
 [ 2.11754835e-01 -1.32015965e-01 -9.68247375e-01 -8.55421342e+00]
 [ 8.60980294e-01 -4.43740911e-01  2.48794689e-01  1.03628001e+02]
 [ 0.00000000e+00  0.00000000e+00  0.00000000e+00  1.00000000e+00]]"
2.9687609672546387,"[[-4.32218689e-01 -9.01029100e-01  3.86153923e-02  1.18877503e+02]
 [ 1.87396247e-01 -1.31834073e-01 -9.73472408e-01 -1.16562564e+01]
 [ 8.82311841e-01 -4.13472911e-01  2.25704380e-01  9.59884512e+01]
 [ 0.00000000e+00  0.00000000e+00  0.00000000e+00  1.00000000e+00]]"
3.0012030601501465,"[[-4.11539514e-01 -9.10551698e-01  3.91751647e-02  1.19882899e+02]
 [ 1.81763414e-01 -1.24232650e-01 -9.75446418e-01 -1.30700111e+01]
 [ 8.93164579e-01 -3.94368151e-01  2.16604786e-01  9.35866182e+01]
 [ 0.00000000e+00  0.00000000e+00  0.00000000e+00  1.00000000e+00]]"
3.0343611240386963,"[[-4.03444849e-01 -9.14186318e-01  4.06209614e-02  1.19996443e+02]
 [ 1.82267600e-01 -1.23993985e-01 -9.75471497e-01 -1.42285652e+01]
 [ 8.96887786e-01 -3.86101364e-01  2.16529679e-01  9.26692982e+01]
 [ 0.00000000e+00  0.00000000e+00  0.00000000e+00  1.00000000e+00]]"
3.066484212875366,"[[-3.89545842e-01 -9.20875329e-01  1.09499920e-02  1.12276981e+02]
 [ 1.97086717e-01 -9.50409597e-02 -9.75673004e-01 -1.59890909e+01]
 [ 8.99667368e-01 -3.78060807e-01  2.18560334e-01  9.18984897e+01]
 [ 0.00000000e+00  0.00000000e+00  0.00000000e+00  1.00000000e+00]]"
3.1002211570739746,"[[-3.64519731e-01 -9.30938412e-01 -2.53949303e-02  1.03585551e+02]
 [ 2.16649589e-01 -5.84330210e-02 -9.74588679e-01 -1.67170780e+01]
 [ 9.05857738e-01 -3.60676044e-01  2.22873640e-01  9.20439423e+01]
 [ 0.00000000e+00  0.00000000e+00  0.00000000e+00  1.00000000e+00]]"
3.1338751316070557,"[[-3.59095433e-01 -9.31223536e-01 -6.23092257e-02  9.37982615e+01]
 [ 2.35779767e-01 -2.60519488e-02 -9.71452176e-01 -1.65428750e+01]
 [ 9.03137640e-01 -3.63569900e-01  2.28891734e-01  9.35498117e+01]
 [ 0.00000000e+00  0.00000000e+00  0.00000000e+00  1.00000000e+00]]"
3.1663870811462402,"[[-3.40090698e-01 -9.33077625e-01 -1.15544664e-01  7.76546259e+01]
 [ 2.78599635e-01  1.73950106e-02 -9.60023612e-01 -1.48051744e+01]
 [ 8.97983980e-01 -3.58989101e-01  2.54210766e-01  9.71579685e+01]
 [ 0.00000000e+00  0.00000000e+00  0.00000000e+00  1.00000000e+00]]"
3.2015180587768555,"[[-3.01567238e-01 -9.42420653e-01 -1.44374278e-01  7.00508630e+01]
 [ 3.03628105e-01  4.85490609e-02 -9.51512634e-01 -1.27414948e+01]
 [ 9.03835574e-01 -3.30844770e-01  2.71525005e-01  9.94083415e+01]
 [ 0.00000000e+00  0.00000000e+00  0.00000000e+00  1.00000000e+00]]"
3.2349140644073486,"[[-2.66543946e-01 -9.46274563e-01 -1.82837197e-01  6.10994090e+01]
 [ 3.35006009e-01  8.68467465e-02 -9.38144058e-01 -1.07011347e+01]
 [ 9.03743582e-01 -3.11395805e-01  2.93898043e-01  1.03757609e+02]
 [ 0.00000000e+00  0.00000000e+00  0.00000000e+00  1.00000000e+00]]"
3.267453193664551,"[[ -0.25299999  -0.93324574  -0.25487651  43.35112605]
 [  0.4039181    0.13739648  -0.90436206  -3.65568855]
 [  0.87915953  -0.33183562   0.34223127 114.08902819]
 [  0.           0.           0.           1.        ]]"
3.302489995956421,"[[ -0.25435677  -0.92199963  -0.29150808  34.55590358]
 [  0.4404444    0.15782501  -0.88363468   0.31302114]
 [  0.86092862  -0.35336903   0.36606055 119.9364598 ]
 [  0.           0.           0.           1.        ]]"
3.3359971046447754,"[[ -0.24701351  -0.90561653  -0.34449465  24.8221202 ]
 [  0.47695927   0.19570062  -0.85675036   4.58012957]
 [  0.84352238  -0.37609234   0.38368407 124.89254414]
 [  0.           0.           0.           1.        ]]"
3.3688859939575195,"[[ -0.24137657  -0.85826484  -0.45227237   6.33488657]
 [  0.52487919   0.27638795  -0.80467314  11.79559959]
 [  0.8159981   -0.43210611   0.38401514 129.3456472 ]
 [  0.           0.           0.           1.        ]]"
3.4017670154571533,"[[ -0.24951928  -0.84621948  -0.47079245   2.33889394]
 [  0.532249     0.28612484  -0.79678837  13.00518896]
 [  0.80916881  -0.44939529   0.37903973 129.91220544]
 [  0.           0.           0.           1.        ]]"
3.4359540939331055,"[[ -0.25708865  -0.84432796  -0.46968096   1.65356111]
 [  0.53030615   0.28290788  -0.79893797  12.86691752]
 [  0.80773566  -0.45483023   0.37519626 129.41198459]
 [  0.           0.           0.           1.        ]]"
3.470050096511841,"[[ -0.25204349  -0.8654317   -0.43270904   8.17062188]
 [  0.48457493   0.27401755  -0.83056776   6.84251666]
 [  0.83765774  -0.41923807   0.35042686 124.51616852]
 [  0.           0.           0.           1.        ]]"
3.5038089752197266,"[[ -0.24942869  -0.88488902  -0.39306818  14.7635647 ]
 [  0.44620265   0.25513426  -0.85764108   2.03929442]
 [  0.85942097  -0.38951682   0.33131417 119.77716548]
 [  0.           0.           0.           1.        ]]"
3.538738250732422,"[[ -0.24980893  -0.91792955  -0.30829745  31.31075614]
 [  0.38469094   0.19795414  -0.90160917  -6.66671505]
 [  0.88877129  -0.34379266   0.3036514  111.87481929]
 [  0.           0.           0.           1.        ]]"
3.5741312503814697,"[[ -0.25063345  -0.93077768  -0.26640934  40.35638164]
 [  0.35877625   0.1661115   -0.91861789 -10.53956153]
 [  0.899384    -0.32571327   0.29224373 107.32913193]
 [  0.           0.           0.           1.        ]]"
3.608173131942749,"[[ -0.241003    -0.93968868  -0.24272065  45.6924502 ]
 [  0.3415003    0.15185167  -0.92754479 -12.46543921]
 [  0.90859627  -0.30642993   0.28429931 103.14396805]
 [  0.           0.           0.           1.        ]]"
3.640683889389038,"[[ -0.22615579  -0.95169344  -0.20768738  53.42915728]
 [  0.33244427   0.12492563  -0.93481204 -15.03781271]
 [  0.91567657  -0.28046544   0.28812924  99.44282905]
 [  0.           0.           0.           1.        ]]"
3.6733851432800293,"[[-2.24231707e-01 -9.59517475e-01 -1.69624382e-01  5.95799014e+01]
 [ 3.30876035e-01  8.87177258e-02 -9.39310183e-01 -1.61636009e+01]
 [ 9.16559723e-01 -2.66984830e-01  2.97723094e-01  9.93719290e+01]
 [ 0.00000000e+00  0.00000000e+00  0.00000000e+00  1.00000000e+00]]"
3.7089970111846924,"[[-2.15556895e-01 -9.68085447e-01 -1.26734606e-01  6.64242611e+01]
 [ 3.28985395e-01  5.01929859e-02 -9.42799868e-01 -1.71227235e+01]
 [ 9.19279366e-01 -2.45167946e-01  3.07815980e-01  9.84722735e+01]
 [ 0.00000000e+00  0.00000000e+00  0.00000000e+00  1.00000000e+00]]"
3.741929292678833,"[[-1.96344678e-01 -9.79225953e-01 -4.64912414e-02  8.10007615e+01]
 [ 3.12249197e-01 -1.74418851e-02 -9.49538857e-01 -1.91622599e+01]
 [ 9.29257728e-01 -2.01300245e-01  3.09423324e-01  9.47336392e+01]
 [ 0.00000000e+00  0.00000000e+00  0.00000000e+00  1.00000000e+00]]"
3.775710105895996,"[[-1.92776980e-01 -9.81142140e-01 -1.06896227e-02  8.80428841e+01]
 [ 3.04405475e-01 -4.94957822e-02 -9.51161023e-01 -1.99743104e+01]
 [ 9.32828803e-01 -1.86731456e-01  3.08253117e-01  9.29460623e+01]
 [ 0.00000000e+00  0.00000000e+00  0.00000000e+00  1.00000000e+00]]"
3.808495044708252,"[[-1.93956215e-01 -9.80646369e-01  2.07371618e-02  9.41762534e+01]
 [ 2.94108392e-01 -7.82754877e-02 -9.52315827e-01 -2.03392451e+01]
 [ 9.35732618e-01 -1.78884365e-01  3.03774619e-01  9.09873983e+01]
 [ 0.00000000e+00  0.00000000e+00  0.00000000e+00  1.00000000e+00]]"
3.841614007949829,"[[-2.00476355e-01 -9.77694597e-01  6.23289694e-02  1.02074222e+02]
 [ 2.72930862e-01 -1.16910538e-01 -9.54815836e-01 -2.08450295e+01]
 [ 9.40937288e-01 -1.74517213e-01  2.90301570e-01  8.65636902e+01]
 [ 0.00000000e+00  0.00000000e+00  0.00000000e+00  1.00000000e+00]]"
3.8744659423828125,"[[-2.06967576e-01 -9.75391932e-01  7.57809162e-02  1.04600204e+02]
 [ 2.69877962e-01 -1.31434129e-01 -9.53803814e-01 -2.04264917e+01]
 [ 9.40406513e-01 -1.77053711e-01  2.90457663e-01  8.49098479e+01]
 [ 0.00000000e+00  0.00000000e+00  0.00000000e+00  1.00000000e+00]]"
3.9080259799957275,"[[-2.08260437e-01 -9.74513662e-01  8.39374625e-02  1.05998833e+02]
 [ 2.68822238e-01 -1.39675556e-01 -9.53003775e-01 -1.99425144e+01]
 [ 9.40527961e-01 -1.75938514e-01  2.90992641e-01  8.34319718e+01]
 [ 0.00000000e+00  0.00000000e+00  0.00000000e+00  1.00000000e+00]]"
3.9419162273406982,"[[-2.13270470e-01 -9.74465973e-01  7.09935450e-02  1.02639834e+02]
 [ 2.63176312e-01 -1.27408434e-01 -9.56315163e-01 -1.97163622e+01]
 [ 9.41011432e-01 -1.85273574e-01  2.83552278e-01  8.03743102e+01]
 [ 0.00000000e+00  0.00000000e+00  0.00000000e+00  1.00000000e+00]]"
3.9743800163269043,"[[-2.24402421e-01 -9.72929268e-01  5.65777711e-02  9.96251930e+01]
 [ 2.62456057e-01 -1.16405730e-01 -9.57943936e-01 -1.96410410e+01]
 [ 9.38659299e-01 -2.00089066e-01  2.81369018e-01  7.88546501e+01]
 [ 0.00000000e+00  0.00000000e+00  0.00000000e+00  1.00000000e+00]]"
4.007499933242798,"[[-2.35614339e-01 -9.70557534e-01  4.82192471e-02  9.77205904e+01]
 [ 2.56239713e-01 -1.09894663e-01 -9.60192119e-01 -1.92219507e+01]
 [ 9.37364419e-01 -2.14058285e-01  2.74696638e-01  7.57378155e+01]
 [ 0.00000000e+00  0.00000000e+00  0.00000000e+00  1.00000000e+00]]"
4.040346145629883,"[[-2.66230989e-01 -9.63298993e-01  3.55801168e-02  9.47642017e+01]
 [ 2.33934384e-01 -1.00497725e-01 -9.67071909e-01 -1.69663439e+01]
 [ 9.35216153e-01 -2.49130142e-01  2.52038089e-01  6.50737766e+01]
 [ 0.00000000e+00  0.00000000e+00  0.00000000e+00  1.00000000e+00]]"
4.073565244674683,"[[-2.69542449e-01 -9.62645952e-01  2.06130317e-02  9.21285679e+01]
 [ 2.31271847e-01 -8.54820798e-02 -9.68947165e-01 -1.62936958e+01]
 [ 9.34689820e-01 -2.56625158e-01  2.45805124e-01  6.00350663e+01]
 [ 0.00000000e+00  0.00000000e+00  0.00000000e+00  1.00000000e+00]]"
4.106396198272705,"[[-2.63928936e-01 -9.64372808e-01  9.98898138e-03  9.04375369e+01]
 [ 2.28333462e-01 -7.25552918e-02 -9.70696349e-01 -1.60068615e+01]
 [ 9.37042488e-01 -2.54140863e-01  2.39468312e-01  5.58784913e+01]
 [ 0.00000000e+00  0.00000000e+00  0.00000000e+00  1.00000000e+00]]"
4.138480186462402,"[[-2.65909167e-01 -9.63978169e-01  1.07335494e-02  8.96214049e+01]
 [ 2.32919153e-01 -7.51489814e-02 -9.69617141e-01 -1.59146815e+01]
 [ 9.35543164e-01 -2.55311785e-01  2.44456580e-01  5.30160619e+01]
 [ 0.00000000e+00  0.00000000e+00  0.00000000e+00  1.00000000e+00]]"
4.172215938568115,"[[-2.77607075e-01 -9.60524471e-01  1.59605003e-02  8.97979156e+01]
 [ 2.32895572e-01 -8.34714550e-02 -9.68837002e-01 -1.58756262e+01]
 [ 9.32051472e-01 -2.65345893e-01  2.46904717e-01  5.15868693e+01]
 [ 0.00000000e+00  0.00000000e+00  0.00000000e+00  1.00000000e+00]]"
4.20645809173584,"[[-2.85711257e-01 -9.58047527e-01  2.15642571e-02  9.03621323e+01]
 [ 2.32095987e-01 -9.11097401e-02 -9.68347613e-01 -1.56192070e+01]
 [ 9.29832649e-01 -2.71768407e-01  2.48402858e-01  4.96178539e+01]
 [ 0.00000000e+00  0.00000000e+00  0.00000000e+00  1.00000000e+00]]"
4.23942494392395,"[[-2.86397953e-01 -9.57955930e-01  1.62990375e-02  8.91794719e+01]
 [ 2.38464186e-01 -8.78323714e-02 -9.67121306e-01 -1.52447624e+01]
 [ 9.28006810e-01 -2.73173960e-01  2.53598125e-01  4.62456588e+01]
 [ 0.00000000e+00  0.00000000e+00  0.00000000e+00  1.00000000e+00]]"
4.272478103637695,"[[-2.83685114e-01 -9.58913695e-01  5.07293870e-03  8.71091412e+01]
 [ 2.45308144e-01 -7.78106280e-02 -9.66294981e-01 -1.54460155e+01]
 [ 9.27108697e-01 -2.72930750e-01  2.57275723e-01  4.51350749e+01]
 [ 0.00000000e+00  0.00000000e+00  0.00000000e+00  1.00000000e+00]]"
4.307337284088135,"[[-2.71845868e-01 -9.62403973e-01 -2.09239478e-03  8.55012803e+01]
 [ 2.46943088e-01 -6.77883288e-02 -9.66714577e-01 -1.55781891e+01]
 [ 9.30271436e-01 -2.63264171e-01  2.56001100e-01  4.29653893e+01]
 [ 0.00000000e+00  0.00000000e+00  0.00000000e+00  1.00000000e+00]]"
4.341464996337891,"[[-2.42328327e-01 -9.70171168e-01  3.57284205e-03  8.61172531e+01]
 [ 1.91807530e-01 -5.15889218e-02 -9.80036271e-01 -1.72143016e+01]
 [ 9.51090926e-01 -2.36866248e-01  1.98593819e-01  3.12760475e+01]
 [ 0.00000000e+00  0.00000000e+00  0.00000000e+00  1.00000000e+00]]"
4.3750739097595215,"[[-2.30023762e-01 -9.73188619e-01  7.19447355e-03  8.66940840e+01]
 [ 1.73277935e-01 -4.83457747e-02 -9.83703049e-01 -1.74381340e+01]
 [ 9.57749825e-01 -2.25024754e-01  1.79705915e-01  2.65010439e+01]
 [ 0.00000000e+00  0.00000000e+00  0.00000000e+00  1.00000000e+00]]"
4.410336971282959,"[[-2.11112567e-01 -9.77283728e-01  2.24715764e-02  8.83417833e+01]
 [ 1.49344908e-01 -5.50950409e-02 -9.87333634e-01 -1.82913543e+01]
 [ 9.66139509e-01 -2.04997669e-01  1.57485198e-01  2.18744904e+01]
 [ 0.00000000e+00  0.00000000e+00  0.00000000e+00  1.00000000e+00]]"
4.443409204483032,"[[-2.04092056e-01 -9.77746068e-01  4.65645770e-02  9.12781050e+01]
 [ 1.09638987e-01 -7.00829109e-02 -9.91363944e-01 -1.86576104e+01]
 [ 9.72729985e-01 -1.97386196e-01  1.21599273e-01  1.56912469e+01]
 [ 0.00000000e+00  0.00000000e+00  0.00000000e+00  1.00000000e+00]]"
4.477389097213745,"[[-1.81699575e-01 -9.82045072e-01  4.93921714e-02  9.12609942e+01]
 [ 1.01223611e-01 -6.86516267e-02 -9.92392819e-01 -1.82052498e+01]
 [ 9.78107485e-01 -1.75439151e-01  1.11944626e-01  1.37756301e+01]
 [ 0.00000000e+00  0.00000000e+00  0.00000000e+00  1.00000000e+00]]"
4.51276707649231,"[[-1.36808237e-01 -9.88664772e-01  6.03072916e-02  9.14432670e+01]
 [ 9.58694314e-02 -7.37622426e-02 -9.92525652e-01 -1.76698828e+01]
 [ 9.85867128e-01 -1.30149231e-01  1.04976530e-01  1.14762035e+01]
 [ 0.00000000e+00  0.00000000e+00  0.00000000e+00  1.00000000e+00]]"
4.5456931591033936,"[[-1.32355905e-01 -9.88883138e-01  6.71086663e-02  9.25486435e+01]
 [ 9.03430024e-02 -7.94714968e-02 -9.92659789e-01 -1.68441768e+01]
 [ 9.87069598e-01 -1.25409156e-01  9.99006869e-02  1.08844346e+01]
 [ 0.00000000e+00  0.00000000e+00  0.00000000e+00  1.00000000e+00]]"
4.58108115196228,"[[-1.57054053e-02 -9.97513346e-01  6.82510966e-02  9.24437058e+01]
 [ 8.87482524e-02 -6.93733357e-02 -9.93574927e-01 -1.67560787e+01]
 [ 9.95914895e-01 -9.60761162e-03  8.96518541e-02  7.86694142e+00]
 [ 0.00000000e+00  0.00000000e+00  0.00000000e+00  1.00000000e+00]]"
4.613767147064209,"[[-8.01209795e-02 -9.93078952e-01  8.66003166e-02  9.47278857e+01]
 [ 7.12002949e-02 -9.24490002e-02 -9.93231565e-01 -1.67225050e+01]
 [ 9.94336640e-01 -7.33553014e-02  7.80391729e-02  6.42392434e+00]
 [ 0.00000000e+00  0.00000000e+00  0.00000000e+00  1.00000000e+00]]"
4.647998094558716,"[[-1.53898972e-01 -9.83732863e-01  9.32875538e-02  9.50847873e+01]
 [ 6.12908603e-02 -1.03836080e-01 -9.92761499e-01 -1.67274410e+01]
 [ 9.86295027e-01 -1.47016735e-01  7.61990738e-02  6.63671313e+00]
 [ 0.00000000e+00  0.00000000e+00  0.00000000e+00  1.00000000e+00]]"
4.682170152664185,"[[-2.13016339e-01 -9.72008898e-01  9.99266099e-02  9.52346953e+01]
 [ 4.04930435e-02 -1.11104034e-01 -9.93070342e-01 -1.69532002e+01]
 [ 9.76363049e-01 -2.07413019e-01  6.29226655e-02  5.10613415e+00]
 [ 0.00000000e+00  0.00000000e+00  0.00000000e+00  1.00000000e+00]]"
4.718623161315918,"[[-2.19909433e-01 -9.69617744e-01  1.06443283e-01  9.55054756e+01]
 [ 3.54324831e-02 -1.16949808e-01 -9.92403841e-01 -1.73438182e+01]
 [ 9.74814554e-01 -2.14587088e-01  6.01523741e-02  4.36407468e+00]
 [ 0.00000000e+00  0.00000000e+00  0.00000000e+00  1.00000000e+00]]"
4.751905918121338,"[[-1.81289958e-01 -9.77587069e-01  1.06625572e-01  9.56411336e+01]
 [ 4.40690655e-02 -1.16402666e-01 -9.92151668e-01 -1.73006064e+01]
 [ 9.82434613e-01 -1.75256887e-01  6.42248591e-02  4.84620563e+00]
 [ 0.00000000e+00  0.00000000e+00  0.00000000e+00  1.00000000e+00]]"
4.784646034240723,"[[-1.48494229e-01 -9.83224305e-01  1.05767211e-01  9.57092723e+01]
 [ 4.82577636e-02 -1.14057214e-01 -9.92264308e-01 -1.72497616e+01]
 [ 9.87751707e-01 -1.42288693e-01  6.43971341e-02  4.89623627e+00]
 [ 0.00000000e+00  0.00000000e+00  0.00000000e+00  1.00000000e+00]]"
4.817823171615601,"[[-1.10239799e-01 -9.88638684e-01  1.02597428e-01  9.57971424e+01]
 [ 5.61799296e-02 -1.09349226e-01 -9.92443306e-01 -1.73035349e+01]
 [ 9.92407368e-01 -1.03623643e-01  6.75403760e-02  5.36389946e+00]
 [ 0.00000000e+00  0.00000000e+00  0.00000000e+00  1.00000000e+00]]"
4.852077007293701,"[[-1.10476104e-01 -9.88598474e-01  1.02564535e-01  9.58519201e+01]
 [ 5.43923086e-02 -1.09098028e-01 -9.92564947e-01 -1.72314913e+01]
 [ 9.92434667e-01 -1.04056295e-01  6.57927918e-02  5.32005476e+00]
 [ 0.00000000e+00  0.00000000e+00  0.00000000e+00  1.00000000e+00]]"
4.888333082199097,"[[-1.33817446e-01 -9.85557410e-01  1.04943081e-01  9.60226388e+01]
 [ 4.98122474e-02 -1.12612433e-01 -9.92523427e-01 -1.72254060e+01]
 [ 9.89937483e-01 -1.27462556e-01  6.40149170e-02  5.01841804e+00]
 [ 0.00000000e+00  0.00000000e+00  0.00000000e+00  1.00000000e+00]]"
4.922012090682983,"[[-1.42501490e-01 -9.83932831e-01  1.06014538e-01  9.60092394e+01]
 [ 4.67716384e-02 -1.13558120e-01 -9.92207950e-01 -1.72882768e+01]
 [ 9.88519216e-01 -1.36667320e-01  6.23876816e-02  4.98565702e+00]
 [ 0.00000000e+00  0.00000000e+00  0.00000000e+00  1.00000000e+00]]"
4.957332134246826,"[[-1.45136144e-01 -9.83794169e-01  1.04888975e-01  9.55014224e+01]
 [ 4.69097953e-02 -1.12743864e-01 -9.92444307e-01 -1.71000491e+01]
 [ 9.88290987e-01 -1.39203435e-01  6.25528946e-02  4.16179887e+00]
 [ 0.00000000e+00  0.00000000e+00  0.00000000e+00  1.00000000e+00]]"
4.990493059158325,"[[-1.37939546e-01 -9.84838056e-01  1.05089655e-01  9.55251510e+01]
 [ 4.81843677e-02 -1.12677836e-01 -9.92432069e-01 -1.71008978e+01]
 [ 9.89286341e-01 -1.31871040e-01  6.30040204e-02  4.19822293e+00]
 [ 0.00000000e+00  0.00000000e+00  0.00000000e+00  1.00000000e+00]]"
5.023581266403198,"[[-1.34138570e-01 -9.85390236e-01  1.04776892e-01  9.55234950e+01]
 [ 4.91132666e-02 -1.12237737e-01 -9.92426831e-01 -1.70793300e+01]
 [ 9.89759042e-01 -1.28026206e-01  6.34651072e-02  4.16494384e+00]
 [ 0.00000000e+00  0.00000000e+00  0.00000000e+00  1.00000000e+00]]"
5.056223154067993,"[[-1.33006517e-01 -9.85553401e-01  1.04890828e-01  9.55484331e+01]
 [ 4.83492145e-02 -1.12206008e-01 -9.92493247e-01 -1.70784168e+01]
 [ 9.89978387e-01 -1.26961055e-01  6.25634501e-02  4.13330276e+00]
 [ 0.00000000e+00  0.00000000e+00  0.00000000e+00  1.00000000e+00]]"
5.088865041732788,"[[-1.36360393e-01 -9.85012943e-01  1.05838636e-01  9.55875560e+01]
 [ 4.81456552e-02 -1.13360268e-01 -9.92399273e-01 -1.70850563e+01]
 [ 9.89549259e-01 -1.30223555e-01  6.28493501e-02  4.07714535e+00]
 [ 0.00000000e+00  0.00000000e+00  0.00000000e+00  1.00000000e+00]]"
5.121464014053345,"[[-1.37774925e-01 -9.85013448e-01  1.05667338e-01  9.56003939e+01]
 [ 4.76094888e-02 -1.13392944e-01 -9.92636355e-01 -1.70469700e+01]
 [ 9.89604414e-01 -1.31508716e-01  6.22801754e-02  4.07864763e+00]
 [ 0.00000000e+00  0.00000000e+00  0.00000000e+00  1.00000000e+00]]"
5.155606031417847,"[[-1.36375255e-01 -9.85098773e-01  1.05753294e-01  9.55728622e+01]
 [ 4.86470437e-02 -1.13429287e-01 -9.92458899e-01 -1.70883914e+01]
 [ 9.89627057e-01 -1.30106493e-01  6.32668750e-02  4.05766985e+00]
 [ 0.00000000e+00  0.00000000e+00  0.00000000e+00  1.00000000e+00]]"
5.1883440017700195,"[[-1.36082781e-01 -9.85161325e-01  1.05649364e-01  9.59071858e+01]
 [ 4.83754002e-02 -1.13259680e-01 -9.92514108e-01 -1.72409723e+01]
 [ 9.89675807e-01 -1.29830141e-01  6.29367661e-02  5.03455347e+00]
 [ 0.00000000e+00  0.00000000e+00  0.00000000e+00  1.00000000e+00]]"
5.220486164093018,"[[-1.35599206e-01 -9.85222836e-01  1.05384691e-01  9.58864615e+01]
 [ 4.87173258e-02 -1.12999218e-01 -9.92474776e-01 -1.72240194e+01]
 [ 9.89706497e-01 -1.29380050e-01  6.32210466e-02  4.99862710e+00]
 [ 0.00000000e+00  0.00000000e+00  0.00000000e+00  1.00000000e+00]]"
5.25463604927063,"[[-1.35199917e-01 -9.85175314e-01  1.05302369e-01  9.58820194e+01]
 [ 4.92643026e-02 -1.12840660e-01 -9.92334554e-01 -1.72475104e+01]
 [ 9.89589422e-01 -1.29041785e-01  6.38199427e-02  5.00195981e+00]
 [ 0.00000000e+00  0.00000000e+00  0.00000000e+00  1.00000000e+00]]"
5.287355184555054,"[[-1.35692113e-01 -9.85203627e-01  1.05474512e-01  9.58995991e+01]
 [ 4.94165110e-02 -1.13160845e-01 -9.92438749e-01 -1.72289940e+01]
 [ 9.89637941e-01 -1.29365823e-01  6.39420496e-02  4.99731663e+00]
 [ 0.00000000e+00  0.00000000e+00  0.00000000e+00  1.00000000e+00]]"
5.319458961486816,"[[-1.34814040e-01 -9.85410789e-01  1.05310068e-01  9.59213061e+01]
 [ 5.04842165e-02 -1.13173224e-01 -9.92455784e-01 -1.72262296e+01]
 [ 9.89811993e-01 -1.28325374e-01  6.48233806e-02  4.96106408e+00]
 [ 0.00000000e+00  0.00000000e+00  0.00000000e+00  1.00000000e+00]]"
5.353309154510498,"[[-1.34185431e-01 -9.85286719e-01  1.05145561e-01  9.58692345e+01]
 [ 5.13480282e-02 -1.12826423e-01 -9.92183389e-01 -1.72498678e+01]
 [ 9.89554137e-01 -1.27847649e-01  6.58150519e-02  4.97910098e+00]
 [ 0.00000000e+00  0.00000000e+00  0.00000000e+00  1.00000000e+00]]"
5.3863770961761475,"[[-1.34374589e-01 -9.85347502e-01  1.05432630e-01  9.58907734e+01]
 [ 4.95799631e-02 -1.13034307e-01 -9.92385108e-01 -1.72070272e+01]
 [ 9.89777220e-01 -1.28101077e-01  6.39881800e-02  5.01708779e+00]
 [ 0.00000000e+00  0.00000000e+00  0.00000000e+00  1.00000000e+00]]"
5.419954061508179,"[[-1.33876448e-01 -9.85292299e-01  1.05443283e-01  9.58749387e+01]
 [ 5.08136691e-02 -1.13054403e-01 -9.92169125e-01 -1.72038490e+01]
 [ 9.89636832e-01 -1.27600958e-01  6.52865083e-02  4.99627193e+00]
 [ 0.00000000e+00  0.00000000e+00  0.00000000e+00  1.00000000e+00]]"
5.453418970108032,"[[-1.33796670e-01 -9.85475824e-01  1.05187426e-01  9.59202028e+01]
 [ 5.17283312e-02 -1.13052932e-01 -9.92300855e-01 -1.72085320e+01]
 [ 9.89777025e-01 -1.27275302e-01  6.60213533e-02  5.00424188e+00]
 [ 0.00000000e+00  0.00000000e+00  0.00000000e+00  1.00000000e+00]]"
5.486180067062378,"[[-1.34843027e-01 -9.85137232e-01  1.05812364e-01  9.59370138e+01]
 [ 4.97004872e-02 -1.13364464e-01 -9.92209463e-01 -1.72159141e+01]
 [ 9.89584230e-01 -1.28645483e-01  6.43139052e-02  5.02483586e+00]
 [ 0.00000000e+00  0.00000000e+00  0.00000000e+00  1.00000000e+00]]"
5.518486976623535,"[[-1.33963057e-01 -9.85295707e-01  1.05857080e-01  9.59307359e+01]
 [ 5.07335534e-02 -1.13514096e-01 -9.92199027e-01 -1.72327766e+01]
 [ 9.89692009e-01 -1.27596753e-01  6.52125461e-02  5.02835088e+00]
 [ 0.00000000e+00  0.00000000e+00  0.00000000e+00  1.00000000e+00]]"
5.552696943283081,"[[-1.33984244e-01 -9.85402337e-01  1.05576089e-01  9.59222606e+01]
 [ 5.14624879e-02 -1.13415503e-01 -9.92265774e-01 -1.72411208e+01]
 [ 9.89756994e-01 -1.27472170e-01  6.58328560e-02  5.03292844e+00]
 [ 0.00000000e+00  0.00000000e+00  0.00000000e+00  1.00000000e+00]]"
5.587223052978516,"[[-1.34347373e-01 -9.85244489e-01  1.05861280e-01  9.59291928e+01]
 [ 5.03108266e-02 -1.13494334e-01 -9.92223314e-01 -1.72437288e+01]
 [ 9.89666516e-01 -1.28026124e-01  6.48320706e-02  5.04157395e+00]
 [ 0.00000000e+00  0.00000000e+00  0.00000000e+00  1.00000000e+00]]"
5.621258974075317,"[[-1.34171493e-01 -9.85300447e-01  1.05652717e-01  9.58971984e+01]
 [ 5.07518546e-02 -1.13337033e-01 -9.92231479e-01 -1.72536841e+01]
 [ 9.89677710e-01 -1.27803368e-01  6.52176883e-02  5.03898773e+00]
 [ 0.00000000e+00  0.00000000e+00  0.00000000e+00  1.00000000e+00]]"
5.6560070514678955,"[[-1.34255009e-01 -9.85233741e-01  1.05960564e-01  9.59238018e+01]
 [ 5.10054398e-02 -1.13683163e-01 -9.92142775e-01 -1.72352640e+01]
 [ 9.89643105e-01 -1.27872553e-01  6.55426429e-02  5.01665445e+00]
 [ 0.00000000e+00  0.00000000e+00  0.00000000e+00  1.00000000e+00]]"
5.689439296722412,"[[-1.34812989e-01 -9.84992090e-01  1.06120089e-01  9.58874157e+01]
 [ 5.01769410e-02 -1.13603920e-01 -9.92022284e-01 -1.72287491e+01]
 [ 9.89409820e-01 -1.28658647e-01  6.49403183e-02  5.00372548e+00]
 [ 0.00000000e+00  0.00000000e+00  0.00000000e+00  1.00000000e+00]]"
5.722472190856934,"[[-1.34355174e-01 -9.85294075e-01  1.05977289e-01  9.59033642e+01]
 [ 5.09824997e-02 -1.13769357e-01 -9.92231474e-01 -1.72000027e+01]
 [ 9.89714994e-01 -1.27884943e-01  6.54605513e-02  5.00438212e+00]
 [ 0.00000000e+00  0.00000000e+00  0.00000000e+00  1.00000000e+00]]"
5.755677223205566,"[[-1.34165322e-01 -9.85354131e-01  1.05779921e-01  9.58885231e+01]
 [ 5.14386681e-02 -1.13627458e-01 -9.92241033e-01 -1.72366108e+01]
 [ 9.89731066e-01 -1.27642158e-01  6.58579052e-02  4.99683982e+00]
 [ 0.00000000e+00  0.00000000e+00  0.00000000e+00  1.00000000e+00]]"
5.78988790512085,"[[-1.34773875e-01 -9.85339571e-01  1.05553514e-01  9.58827460e+01]
 [ 5.06429175e-02 -1.13386466e-01 -9.92361337e-01 -1.72277858e+01]
 [ 9.89748012e-01 -1.28306566e-01  6.50582732e-02  5.00448308e+00]
 [ 0.00000000e+00  0.00000000e+00  0.00000000e+00  1.00000000e+00]]"
5.823026180267334,"[[-1.34758024e-01 -9.85239642e-01  1.05321646e-01  9.58563343e+01]
 [ 4.92998777e-02 -1.12835272e-01 -9.92343317e-01 -1.72448552e+01]
 [ 9.89649444e-01 -1.28588339e-01  6.38018602e-02  5.03582432e+00]
 [ 0.00000000e+00  0.00000000e+00  0.00000000e+00  1.00000000e+00]]"
5.856165170669556,"[[-1.34846667e-01 -9.85159255e-01  1.05802386e-01  9.58572873e+01]
 [ 4.97210322e-02 -1.13377416e-01 -9.92233683e-01 -1.72613757e+01]
 [ 9.89607797e-01 -1.28623405e-01  6.43130139e-02  5.02069349e+00]
 [ 0.00000000e+00  0.00000000e+00  0.00000000e+00  1.00000000e+00]]"
5.890013217926025,"[[-1.35279414e-01 -9.85236529e-01  1.05306947e-01  9.58592267e+01]
 [ 5.14632087e-02 -1.13220596e-01 -9.92263749e-01 -1.72679962e+01]
 [ 9.89564991e-01 -1.28796662e-01  6.59647523e-02  4.97606277e+00]
 [ 0.00000000e+00  0.00000000e+00  0.00000000e+00  1.00000000e+00]]"
5.923227071762085,"[[-1.35452816e-01 -9.85049012e-01  1.05468999e-01  9.58884969e+01]
 [ 5.02509326e-02 -1.13073408e-01 -9.92171427e-01 -1.72748055e+01]
 [ 9.89409154e-01 -1.29245085e-01  6.49312222e-02  4.99001816e+00]
 [ 0.00000000e+00  0.00000000e+00  0.00000000e+00  1.00000000e+00]]"
5.956157207489014,"[[-1.36065704e-01 -9.84979899e-01  1.05623844e-01  9.59342702e+01]
 [ 4.98003859e-02 -1.13243174e-01 -9.92213699e-01 -1.72831657e+01]
 [ 9.89387378e-01 -1.29859545e-01  6.45396379e-02  5.01473723e+00]
 [ 0.00000000e+00  0.00000000e+00  0.00000000e+00  1.00000000e+00]]"
5.990251064300537,"[[-1.35675230e-01 -9.85135855e-01  1.05172685e-01  9.58888157e+01]
 [ 5.15779417e-02 -1.13052178e-01 -9.92209190e-01 -1.72809931e+01]
 [ 9.89418415e-01 -1.29242360e-01  6.61662430e-02  4.98859428e+00]
 [ 0.00000000e+00  0.00000000e+00  0.00000000e+00  1.00000000e+00]]"
6.024264097213745,"[[-1.36043592e-01 -9.85052926e-01  1.05557069e-01  9.58565666e+01]
 [ 5.11108014e-02 -1.13409379e-01 -9.92204763e-01 -1.72665011e+01]
 [ 9.89400907e-01 -1.29623906e-01  6.57821032e-02  5.01473956e+00]
 [ 0.00000000e+00  0.00000000e+00  0.00000000e+00  1.00000000e+00]]"
6.056524991989136,"[[-1.36468743e-01 -9.85128615e-01  1.05941647e-01  9.58906378e+01]
 [ 5.14177603e-02 -1.14059004e-01 -9.92321874e-01 -1.72416665e+01]
 [ 9.89557353e-01 -1.29803691e-01  6.60206238e-02  5.01583246e+00]
 [ 0.00000000e+00  0.00000000e+00  0.00000000e+00  1.00000000e+00]]"
6.089642286300659,"[[-1.35265739e-01 -9.85173143e-01  1.05691539e-01  9.59172026e+01]
 [ 5.30189664e-02 -1.13768500e-01 -9.92097079e-01 -1.72482066e+01]
 [ 9.89440893e-01 -1.28595094e-01  6.75968573e-02  5.01469606e+00]
 [ 0.00000000e+00  0.00000000e+00  0.00000000e+00  1.00000000e+00]]"
6.122420072555542,"[[-1.35137031e-01 -9.85117310e-01  1.05875705e-01  9.59430917e+01]
 [ 5.16193042e-02 -1.13725711e-01 -9.92102709e-01 -1.72571358e+01]
 [ 9.89480207e-01 -1.28683881e-01  6.62539823e-02  5.03795018e+00]
 [ 0.00000000e+00  0.00000000e+00  0.00000000e+00  1.00000000e+00]]"
6.156466245651245,"[[-1.35353666e-01 -9.85199540e-01  1.05772680e-01  9.59356115e+01]
 [ 5.17212220e-02 -1.13716665e-01 -9.92237039e-01 -1.72573894e+01]
 [ 9.89540256e-01 -1.28764257e-01  6.62712368e-02  5.02695276e+00]
 [ 0.00000000e+00  0.00000000e+00  0.00000000e+00  1.00000000e+00]]"
6.1906821727752686,"[[-1.34546604e-01 -9.85220721e-01  1.05498711e-01  9.58646068e+01]
 [ 5.31095328e-02 -1.13472012e-01 -9.92035110e-01 -1.72681482e+01]
 [ 9.89452015e-01 -1.27967430e-01  6.76481804e-02  4.99586429e+00]
 [ 0.00000000e+00  0.00000000e+00  0.00000000e+00  1.00000000e+00]]"
6.224330902099609,"[[-1.35254826e-01 -9.85238750e-01  1.05484599e-01  9.58595462e+01]
 [ 5.28782087e-02 -1.13580274e-01 -9.92178665e-01 -1.72393482e+01]
 [ 9.89499139e-01 -1.28567516e-01  6.73871720e-02  5.00612935e+00]
 [ 0.00000000e+00  0.00000000e+00  0.00000000e+00  1.00000000e+00]]"
6.257407903671265,"[[-1.35641212e-01 -9.85177344e-01  1.05853676e-01  9.58713073e+01]
 [ 5.16097400e-02 -1.13848054e-01 -9.92251410e-01 -1.72440966e+01]
 [ 9.89554733e-01 -1.29039292e-01  6.61780083e-02  5.02909898e+00]
 [ 0.00000000e+00  0.00000000e+00  0.00000000e+00  1.00000000e+00]]"
6.290425062179565,"[[-1.34551585e-01 -9.85271124e-01  1.05291714e-01  9.58501364e+01]
 [ 5.25434453e-02 -1.13223005e-01 -9.92127687e-01 -1.72499841e+01]
 [ 9.89519975e-01 -1.28021845e-01  6.70263896e-02  4.98063338e+00]
 [ 0.00000000e+00  0.00000000e+00  0.00000000e+00  1.00000000e+00]]"
6.323550224304199,"[[-1.34351378e-01 -9.85272910e-01  1.05306152e-01  9.58190032e+01]
 [ 5.31486390e-02 -1.13275221e-01 -9.92061293e-01 -1.72634897e+01]
 [ 9.89482976e-01 -1.27777653e-01  6.76351245e-02  4.94695727e+00]
 [ 0.00000000e+00  0.00000000e+00  0.00000000e+00  1.00000000e+00]]"
6.356249094009399,"[[-1.34948999e-01 -9.85187711e-01  1.05481127e-01  9.58314503e+01]
 [ 5.26923714e-02 -1.13450498e-01 -9.92083565e-01 -1.72543221e+01]
 [ 9.89446389e-01 -1.28394659e-01  6.72546482e-02  4.97466136e+00]
 [ 0.00000000e+00  0.00000000e+00  0.00000000e+00  1.00000000e+00]]"
6.389810085296631,"[[-1.35727462e-01 -9.85064862e-01  1.05339841e-01  9.57995166e+01]
 [ 5.15911152e-02 -1.13179264e-01 -9.92137963e-01 -1.72688039e+01]
 [ 9.89353618e-01 -1.29331073e-01  6.62515451e-02  4.95347026e+00]
 [ 0.00000000e+00  0.00000000e+00  0.00000000e+00  1.00000000e+00]]"
6.422554016113281,"[[-1.35733049e-01 -9.85156607e-01  1.05762640e-01  9.58233150e+01]
 [ 5.23100902e-02 -1.13853877e-01 -9.92184634e-01 -1.72535251e+01]
 [ 9.89498575e-01 -1.29085479e-01  6.68959134e-02  4.94998541e+00]
 [ 0.00000000e+00  0.00000000e+00  0.00000000e+00  1.00000000e+00]]"
6.455436944961548,"[[-1.35962508e-01 -9.85138551e-01  1.05559216e-01  9.58076151e+01]
 [ 5.27175860e-02 -1.13712500e-01 -9.92168083e-01 -1.72610708e+01]
 [ 9.89437785e-01 -1.29290379e-01  6.73123135e-02  4.98251709e+00]
 [ 0.00000000e+00  0.00000000e+00  0.00000000e+00  1.00000000e+00]]"
6.488419055938721,"[[-1.35391357e-01 -9.84928750e-01  1.06119564e-01  9.58414516e+01]
 [ 5.04966285e-02 -1.13711709e-01 -9.92007323e-01 -1.72644973e+01]
 [ 9.89344468e-01 -1.29185583e-01  6.53121773e-02  4.95420642e+00]
 [ 0.00000000e+00  0.00000000e+00  0.00000000e+00  1.00000000e+00]]"
6.520653009414673,"[[-1.35212616e-01 -9.85065256e-01  1.06164875e-01  9.58465471e+01]
 [ 5.22751947e-02 -1.14108306e-01 -9.92006395e-01 -1.72619610e+01]
 [ 9.89432198e-01 -1.28681977e-01  6.69681251e-02  4.98400859e+00]
 [ 0.00000000e+00  0.00000000e+00  0.00000000e+00  1.00000000e+00]]"
6.554526090621948,"[[-1.36233209e-01 -9.85080121e-01  1.06027515e-01  9.58568982e+01]
 [ 5.15423717e-02 -1.14054702e-01 -9.92236402e-01 -1.72528680e+01]
 [ 9.89478543e-01 -1.29616936e-01  6.61989174e-02  4.98962022e+00]
 [ 0.00000000e+00  0.00000000e+00  0.00000000e+00  1.00000000e+00]]"
