2.138730049133301,"[[ 9.02330954e-01 -7.96301069e-02 -4.23406169e-01  6.16645528e+01]
 [-3.52407406e-01  4.29537742e-01 -8.31520294e-01 -5.22541293e+00]
 [ 2.47970276e-01  8.99416105e-01  3.59483976e-01  1.14444198e+02]
 [ 0.00000000e+00  0.00000000e+00  0.00000000e+00  1.00000000e+00]]"
2.6795690059661865,"[[  0.93716345  -0.14353903  -0.31821808  79.50133108]
 [ -0.18420717   0.57104641  -0.8001505   -5.25827635]
 [  0.29635799   0.80841866   0.50857328 133.84840241]
 [  0.           0.           0.           1.        ]]"
3.2107601165771484,"[[  0.84771598  -0.15402579  -0.50728492  53.06538408]
 [ -0.29424481   0.65956644  -0.69170443  10.52217933]
 [  0.44109436   0.73553651   0.51383854 142.53249756]
 [  0.           0.           0.           1.        ]]"
3.7450029850006104,"[[ 9.27219443e-01 -1.06680520e-01 -3.58723612e-01  7.10376963e+01]
 [-1.92500889e-01  6.86467618e-01 -7.01312520e-01  7.62935418e+00]
 [ 3.20955258e-01  7.19211913e-01  6.15913882e-01  1.53276154e+02]
 [ 0.00000000e+00  0.00000000e+00  0.00000000e+00  1.00000000e+00]]"
4.283694267272949,"[[ 9.33969667e-01 -1.01449025e-01 -3.42049598e-01  7.47872862e+01]
 [-1.54735506e-01  7.49150486e-01 -6.44011427e-01  1.49205563e+01]
 [ 3.21628158e-01  6.54289783e-01  6.84044801e-01  1.61352842e+02]
 [ 0.00000000e+00  0.00000000e+00  0.00000000e+00  1.00000000e+00]]"
4.818310976028442,"[[ 9.77449814e-01 -1.57933320e-01 -1.40157573e-01  1.03723428e+02]
 [ 7.02222812e-03  6.88165815e-01 -7.25592086e-01  3.75574347e+00]
 [ 2.10937878e-01  7.08164588e-01  6.73609285e-01  1.55505721e+02]
 [ 0.00000000e+00  0.00000000e+00  0.00000000e+00  1.00000000e+00]]"
5.357903242111206,"[[ 9.68889903e-01 -2.20132536e-01 -1.13542485e-01  1.11566508e+02]
 [ 2.98703799e-02  5.59147543e-01 -8.28627774e-01 -9.93908352e+00]
 [ 2.45747438e-01  7.99380716e-01  5.48151514e-01  1.30932986e+02]
 [ 0.00000000e+00  0.00000000e+00  0.00000000e+00  1.00000000e+00]]"
5.89071798324585,"[[ 9.38786416e-01 -2.97865531e-01 -1.73132416e-01  1.02207930e+02]
 [-9.87040189e-03  4.79425070e-01 -8.77618758e-01 -1.76132943e+01]
 [ 3.44232617e-01  8.25495876e-01  4.46978724e-01  1.04232156e+02]
 [ 0.00000000e+00  0.00000000e+00  0.00000000e+00  1.00000000e+00]]"
