2.170344114303589,"[[ 0.23190982  0.96447738  0.12568586 -9.49325134]
 [-0.01171857  0.13187899 -0.99099785 -5.2617663 ]
 [-0.97267916  0.22787643  0.04156061  3.27701236]
 [ 0.          0.          0.          1.        ]]"
2.7049291133880615,"[[ 0.23160051  0.96453893  0.12579032 -9.49748531]
 [-0.01175114  0.13197975 -0.99098501 -5.29020755]
 [-0.97274922  0.22757181  0.0415823   3.22274428]
 [ 0.          0.          0.          1.        ]]"
3.2412540912628174,"[[ 0.23109473  0.96466584  0.12617523 -9.48357052]
 [-0.01197904  0.13248677 -0.99103252 -5.29446562]
 [-0.97294082  0.22711287  0.04190157  3.31874548]
 [ 0.          0.          0.          1.        ]]"
3.7761261463165283,"[[ 0.2315971   0.96471661  0.12539979 -9.51486635]
 [-0.01200851  0.13182712 -0.99127023 -5.23346246]
 [-0.97293217  0.22770854  0.04187485  3.26105841]
 [ 0.          0.          0.          1.        ]]"
4.315237998962402,"[[ 0.23086419  0.96480396  0.12587402 -9.54097003]
 [-0.01286859  0.13241701 -0.99111463 -5.33039555]
 [-0.97299183  0.22696039  0.04282933  3.30974329]
 [ 0.          0.          0.          1.        ]]"
4.849630117416382,"[[ 0.2326544   0.9644455   0.12531974 -9.4867729 ]
 [-0.01054996  0.13140813 -0.99128434 -5.25675123]
 [-0.97265837  0.22891725  0.04048713  3.11930515]
 [ 0.          0.          0.          1.        ]]"
5.3872411251068115,"[[ 0.23134334  0.96460619  0.12576599 -9.45154675]
 [-0.01124392  0.13181076 -0.99101152 -5.26919437]
 [-0.97277642  0.22748895  0.04108935  3.22010153]
 [ 0.          0.          0.          1.        ]]"
