1.8242790699005127,"[[ 0.23261782  0.9644457   0.12506035 -9.55234659]
 [-0.01180415  0.13136396 -0.99118365 -5.12792147]
 [-0.97257029  0.22871783  0.04168802  3.25899733]
 [ 0.          0.          0.          1.        ]]"
1.8563718795776367,"[[ 0.23088824  0.96474856  0.12603039 -9.60796026]
 [-0.01398912  0.13279975 -0.99098784 -5.28856507]
 [-0.97293617  0.2267693   0.0439703   3.14217323]
 [ 0.          0.          0.          1.        ]]"
1.889894962310791,"[[  0.23166993   0.96456697   0.12520348 -10.06038596]
 [ -0.01146171   0.1312664   -0.99101653  -4.26329774]
 [ -0.97269394   0.22765511   0.04112106   1.06399149]
 [  0.           0.           0.           1.        ]]"
1.9226140975952148,"[[ 0.23152587  0.9646867   0.1255793  -9.54745358]
 [-0.01157367  0.1318417  -0.99121173 -5.23725999]
 [-0.97284666  0.22782613  0.04154746  3.22757726]
 [ 0.          0.          0.          1.        ]]"
1.9566121101379395,"[[ 0.23105955  0.96478183  0.12576804 -9.57953185]
 [-0.01183831  0.13212286 -0.9912013  -5.26096143]
 [-0.9730496   0.22713974  0.04168277  3.22185625]
 [ 0.          0.          0.          1.        ]]"
1.9898231029510498,"[[ 0.23113926  0.96466913  0.12588006 -9.60010192]
 [-0.01258564  0.13229007 -0.99099902 -5.26250765]
 [-0.97288608  0.22705695  0.04243236  3.21511001]
 [ 0.          0.          0.          1.        ]]"
2.0227210521698,"[[ 0.2317881   0.96452751  0.12550153 -9.63767031]
 [-0.01245177  0.13186629 -0.99099006 -5.22735109]
 [-0.97273176  0.22757563  0.04218983  3.19312311]
 [ 0.          0.          0.          1.        ]]"
2.056978940963745,"[[ 0.23151388  0.96462995  0.12547209 -9.61569591]
 [-0.01188336  0.13172065 -0.99107851 -5.22324521]
 [-0.97280458  0.22753255  0.04166703  3.21399761]
 [ 0.          0.          0.          1.        ]]"
2.0893399715423584,"[[ 0.23177278  0.96456212  0.12543544 -9.63113812]
 [-0.01203555  0.13171388 -0.99105504 -5.22114964]
 [-0.97272453  0.22775903  0.04184078  3.21922312]
 [ 0.          0.          0.          1.        ]]"
2.1217479705810547,"[[ 0.23105701  0.96477116  0.12537365 -9.61635198]
 [-0.01221489  0.13167034 -0.99110787 -5.22128555]
 [-0.97285088  0.22725966  0.04206164  3.27550708]
 [ 0.          0.          0.          1.        ]]"
2.156420946121216,"[[ 0.23112352  0.96475606  0.12540898 -9.60426508]
 [-0.01219999  0.13173034 -0.99111795 -5.23671993]
 [-0.97288301  0.22724227  0.04201158  3.23799149]
 [ 0.          0.          0.          1.        ]]"
2.189228057861328,"[[ 0.23157693  0.96453912  0.12605272 -9.56984311]
 [-0.01260828  0.13248889 -0.99096681 -5.30350891]
 [-0.97277874  0.22747465  0.04255379  3.17631487]
 [ 0.          0.          0.          1.        ]]"
2.2211499214172363,"[[ 0.23084809  0.9647731   0.12555513 -9.55423641]
 [-0.01267075  0.13195194 -0.99102636 -5.2253369 ]
 [-0.97294429  0.22675712  0.04239125  3.2769738 ]
 [ 0.          0.          0.          1.        ]]"
2.255258798599243,"[[ 0.23077348  0.96469695  0.12573569 -9.52888972]
 [-0.01203556  0.13189066 -0.9908965  -5.20979979]
 [-0.97289093  0.22661764  0.04167203  3.28858276]
 [ 0.          0.          0.          1.        ]]"
2.287236213684082,"[[ 0.23076003  0.96478115  0.12572978 -9.59549875]
 [-0.01265268  0.13212064 -0.99101813 -5.26564646]
 [-0.97293748  0.22677336  0.04247258  3.23929105]
 [ 0.          0.          0.          1.        ]]"
2.3195960521698,"[[ 0.23018281  0.96503218  0.12543603 -9.59440439]
 [-0.01289394  0.131971   -0.9911982  -5.20270698]
 [-0.97320494  0.22622237  0.04260782  3.35234611]
 [ 0.          0.          0.          1.        ]]"
2.3515210151672363,"[[ 0.23036037  0.96500758  0.12530613 -9.56567013]
 [-0.01210951  0.13164796 -0.99124632 -5.20788693]
 [-0.97313431  0.22660202  0.04186178  3.3308913 ]
 [ 0.          0.          0.          1.        ]]"
2.384147882461548,"[[ 0.23127244  0.9647017   0.12558241 -9.57951471]
 [-0.01186187  0.13187364 -0.99112339 -5.25806122]
 [-0.97293599  0.22725323  0.04161799  3.20483344]
 [ 0.          0.          0.          1.        ]]"
2.417924165725708,"[[ 0.23025067  0.96489061  0.12562048 -9.60361398]
 [-0.01207508  0.13183284 -0.99101574 -5.21150309]
 [-0.97307833  0.22620129  0.04168672  3.36616523]
 [ 0.          0.          0.          1.        ]]"
2.450806140899658,"[[ 0.23015208  0.96493475  0.12523172 -9.54667916]
 [-0.0117925   0.1313235  -0.99102528 -5.16942157]
 [-0.97307221  0.22609705  0.04124931  3.37003168]
 [ 0.          0.          0.          1.        ]]"
2.482607841491699,"[[ 0.23100166  0.96472287  0.12554838 -9.5538055 ]
 [-0.01129506  0.13163005 -0.99106303 -5.22831612]
 [-0.97295448  0.22696202  0.0409217   3.27645058]
 [ 0.          0.          0.          1.        ]]"
2.51547908782959,"[[ 0.23061607  0.96480255  0.12560717 -9.5722257 ]
 [-0.01196081  0.1318033  -0.99101482 -5.20296228]
 [-0.97298605  0.226583    0.04162017  3.29288761]
 [ 0.          0.          0.          1.        ]]"
2.54790997505188,"[[ 0.23070968  0.96486192  0.12541067 -9.54408726]
 [-0.01208329  0.13172901 -0.99114702 -5.20588923]
 [-0.97307174  0.22667736  0.04172779  3.2783904 ]
 [ 0.          0.          0.          1.        ]]"
2.5819900035858154,"[[ 0.23107309  0.96471656  0.12592173 -9.58067566]
 [-0.0121352   0.13229532 -0.99108864 -5.28711423]
 [-0.97299902  0.22701357  0.0419567   3.18125379]
 [ 0.          0.          0.          1.        ]]"
2.6148622035980225,"[[ 0.23103275  0.96484647  0.12531577 -9.58721703]
 [-0.01211044  0.13170286 -0.99124616 -5.24641953]
 [-0.97301025  0.22719016  0.04190955  3.25640852]
 [ 0.          0.          0.          1.        ]]"
2.6471450328826904,"[[ 0.23148446  0.96471928  0.12521552 -9.54103988]
 [-0.01189488  0.13152475 -0.99120569 -5.22651247]
 [-0.97286642  0.22761285  0.04168642  3.25532021]
 [ 0.          0.          0.          1.        ]]"
2.6829710006713867,"[[ 0.23249279  0.96445742  0.12513641 -9.57335638]
 [-0.01130626  0.13132226 -0.99118258 -5.25091729]
 [-0.97263242  0.22855757  0.04111558  3.15695559]
 [ 0.          0.          0.          1.        ]]"
2.715268135070801,"[[ 0.23165322  0.96460494  0.12519855 -9.65994742]
 [-0.01187862  0.13142059 -0.99106715 -5.24876281]
 [-0.97277289  0.22755417  0.04152992  3.19915544]
 [ 0.          0.          0.          1.        ]]"
2.747933864593506,"[[ 0.23203021  0.96462515  0.12488722 -9.62903596]
 [-0.01148577  0.13110401 -0.99125294 -5.22482111]
 [-0.97272599  0.22823092  0.04127197  3.20428608]
 [ 0.          0.          0.          1.        ]]"
2.7804129123687744,"[[ 0.2322458   0.96450418  0.12497935 -9.60466529]
 [-0.01133119  0.13107726 -0.99113328 -5.22308266]
 [-0.97256998  0.22844074  0.04114289  3.18476461]
 [ 0.          0.          0.          1.        ]]"
2.812150001525879,"[[ 0.23203981  0.96462195  0.12489774 -9.6038482 ]
 [-0.01086735  0.13097092 -0.99127839 -5.20969875]
 [-0.97273192  0.22832257  0.04064522  3.18168186]
 [ 0.          0.          0.          1.        ]]"
2.8442320823669434,"[[ 0.23191491  0.96465261  0.12489862 -9.58783437]
 [-0.01111146  0.1310253  -0.99127036 -5.19725254]
 [-0.97276106  0.22816488  0.0408763   3.20474221]
 [ 0.          0.          0.          1.        ]]"
2.8797991275787354,"[[ 0.23169289  0.96466165  0.12481811 -9.58554526]
 [-0.01093385  0.13080026 -0.99118228 -5.14877052]
 [-0.97271251  0.22795657  0.04062582  3.22433809]
 [ 0.          0.          0.          1.        ]]"
2.9125208854675293,"[[ 0.23186312  0.96465055  0.12507281 -9.56177847]
 [-0.01039179  0.13106085 -0.99129626 -5.18412093]
 [-0.9728318   0.22812421  0.04012815  3.15119071]
 [ 0.          0.          0.          1.        ]]"
2.944648027420044,"[[ 0.23185627  0.96463917  0.12490343 -9.56054695]
 [-0.01054688  0.13084025 -0.99123796 -5.18288046]
 [-0.97270553  0.22823109  0.04032018  3.11847975]
 [ 0.          0.          0.          1.        ]]"
2.9794790744781494,"[[ 0.23154662  0.96472691  0.12503916 -9.55648249]
 [-0.01089496  0.13110961 -0.99127039 -5.1555833 ]
 [-0.97285824  0.22782599  0.04064037  3.18434237]
 [ 0.          0.          0.          1.        ]]"
3.0115280151367188,"[[ 0.23198424  0.96459688  0.12521181 -9.55886961]
 [-0.01091807  0.13130778 -0.99123857 -5.2196579 ]
 [-0.97275075  0.22824405  0.04076189  3.14444941]
 [ 0.          0.          0.          1.        ]]"
3.043247938156128,"[[ 0.23171168  0.96453204  0.12562554 -9.5460948 ]
 [-0.01146005  0.13172657 -0.99101151 -5.2353919 ]
 [-0.97267927  0.22782774  0.04132517  3.15801697]
 [ 0.          0.          0.          1.        ]]"
3.0758559703826904,"[[ 0.23163618  0.96465039  0.12523023 -9.52455587]
 [-0.01109319  0.13131444 -0.99117806 -5.16833171]
 [-0.97279862  0.22782268  0.04085814  3.23551501]
 [ 0.          0.          0.          1.        ]]"
3.110924005508423,"[[ 0.23148083  0.96464428  0.12518501 -9.51526514]
 [-0.01090072  0.13114939 -0.99110003 -5.16308856]
 [-0.97278201  0.22759718  0.04055763  3.22748881]
 [ 0.          0.          0.          1.        ]]"
3.1444427967071533,"[[ 0.23172928  0.96455209  0.12584652 -9.58390583]
 [-0.01202646  0.13214537 -0.99105384 -5.29897695]
 [-0.97269369  0.22794589  0.04208574  3.16264731]
 [ 0.          0.          0.          1.        ]]"
3.178684949874878,"[[ 0.231588    0.96464535  0.12513374 -9.57064915]
 [-0.01185458  0.13135282 -0.99110451 -5.22241668]
 [-0.97277004  0.22761403  0.04155951  3.29179503]
 [ 0.          0.          0.          1.        ]]"
3.211278200149536,"[[ 0.23226409  0.96459838  0.12528731 -9.57110113]
 [-0.01118219  0.13158704 -0.99136967 -5.25404093]
 [-0.97282069  0.22852662  0.04113006  3.16997007]
 [ 0.          0.          0.          1.        ]]"
3.2433102130889893,"[[ 0.23192204  0.96458935  0.12538809 -9.60971713]
 [-0.0119177   0.13172336 -0.9911739  -5.2649162 ]
 [-0.97275907  0.22803086  0.04180789  3.18312791]
 [ 0.          0.          0.          1.        ]]"
3.2774710655212402,"[[ 0.23101132  0.96480305  0.12523499 -9.56885332]
 [-0.01231435  0.13158495 -0.99113659 -5.22086621]
 [-0.97294248  0.22703356  0.04201381  3.26691138]
 [ 0.          0.          0.          1.        ]]"
3.3116300106048584,"[[ 0.23165188  0.96467123  0.12551214 -9.57659104]
 [-0.01201481  0.13190933 -0.99121778 -5.25767787]
 [-0.97286613  0.22779763  0.04193816  3.16797983]
 [ 0.          0.          0.          1.        ]]"
3.3448991775512695,"[[ 0.23162486  0.96459668  0.125744   -9.59361782]
 [-0.01187745  0.13204335 -0.99109545 -5.27001467]
 [-0.97281251  0.22768571  0.04178039  3.17491941]
 [ 0.          0.          0.          1.        ]]"
3.3785400390625,"[[ 0.23126719  0.96485115  0.1252211  -9.57319642]
 [-0.0116802   0.13159795 -0.99137217 -5.20235039]
 [-0.973056    0.22748825  0.04149253  3.26062576]
 [ 0.          0.          0.          1.        ]]"
3.411761999130249,"[[ 0.23145412  0.96468261  0.12516932 -9.56849687]
 [-0.01145813  0.13130544 -0.99113623 -5.18716833]
 [-0.9728212   0.22754534  0.04115465  3.2233582 ]
 [ 0.          0.          0.          1.        ]]"
3.444401979446411,"[[ 0.23136914  0.96474671  0.12522683 -9.58991629]
 [-0.01152053  0.1314462  -0.99122333 -5.22657585]
 [-0.97290166  0.22754692  0.04129068  3.23280833]
 [ 0.          0.          0.          1.        ]]"
3.4783639907836914,"[[ 0.23071935  0.96485883  0.12542099 -9.58177174]
 [-0.01146454  0.13159682 -0.99117295 -5.20890587]
 [-0.97307825  0.22676935  0.04110085  3.32379973]
 [ 0.          0.          0.          1.        ]]"
3.511425018310547,"[[ 0.23133874  0.96471001  0.12518056 -9.56365818]
 [-0.01108385  0.13122684 -0.9911536  -5.19650905]
 [-0.97285618  0.2274793   0.04075902  3.26274402]
 [ 0.          0.          0.          1.        ]]"
3.543199062347412,"[[ 0.23118667  0.96466602  0.12541346 -9.60139546]
 [-0.01119079  0.13141525 -0.99102298 -5.21154676]
 [-0.97283126  0.22720968  0.04083254  3.24152465]
 [ 0.          0.          0.          1.        ]]"
3.5752439498901367,"[[ 0.23072526  0.96485871  0.12513483 -9.57908352]
 [-0.0113312   0.13118909 -0.99114107 -5.19203048]
 [-0.97295358  0.22692553  0.04096865  3.31322484]
 [ 0.          0.          0.          1.        ]]"
3.607118844985962,"[[ 0.2306756   0.96496885  0.12500014 -9.56416612]
 [-0.01095114  0.13107086 -0.99132871 -5.18121639]
 [-0.97306473  0.22708821  0.04065588  3.34117085]
 [ 0.          0.          0.          1.        ]]"
3.63934588432312,"[[ 0.23087154  0.96479349  0.12491384 -9.6234132 ]
 [-0.01136998  0.13087977 -0.99105294 -5.19686732]
 [-0.9728079   0.22705625  0.04095426  3.32275428]
 [ 0.          0.          0.          1.        ]]"
3.67107892036438,"[[ 0.23142831  0.96463346  0.12537172 -9.64963717]
 [-0.01128199  0.1314317  -0.99106124 -5.23210345]
 [-0.97279658  0.227476    0.04097666  3.29002933]
 [ 0.          0.          0.          1.        ]]"
3.7049641609191895,"[[ 0.23148971  0.96476775  0.12504578 -9.62648344]
 [-0.01108539  0.13121587 -0.9913198  -5.21408404]
 [-0.97294846  0.22769353  0.04080098  3.26850568]
 [ 0.          0.          0.          1.        ]]"
3.737293004989624,"[[ 0.23180959  0.96465957  0.1247772  -9.60283645]
 [-0.01126925  0.130871   -0.99121247 -5.15935225]
 [-0.97270675  0.22806525  0.04100097  3.26634617]
 [ 0.          0.          0.          1.        ]]"
3.7691729068756104,"[[ 0.23173005  0.96470973  0.12503355 -9.63067071]
 [-0.01121552  0.13124027 -0.99131061 -5.19146881]
 [-0.97288454  0.22791734  0.04096551  3.26657732]
 [ 0.          0.          0.          1.        ]]"
3.8024849891662598,"[[ 0.23155408  0.96468972  0.12509186 -9.63746592]
 [-0.01141632  0.13123136 -0.99118321 -5.19557281]
 [-0.97277835  0.22779456  0.04120141  3.26785141]
 [ 0.          0.          0.          1.        ]]"
3.8362791538238525,"[[ 0.2321032   0.96451446  0.12475952 -9.6181061 ]
 [-0.01100905  0.13071255 -0.99108171 -5.15715315]
 [-0.97258393  0.22816406  0.04061356  3.23105924]
 [ 0.          0.          0.          1.        ]]"
3.868217945098877,"[[ 0.23243422  0.96444393  0.12514132 -9.62898086]
 [-0.01074177  0.13113695 -0.99115018 -5.20813375]
 [-0.97257688  0.22862376  0.04055942  3.11775   ]
 [ 0.          0.          0.          1.        ]]"
3.900202989578247,"[[ 0.23234932  0.96450803  0.1251987  -9.62662865]
 [-0.01080411  0.13127771 -0.99123737 -5.23013689]
 [-0.97265747  0.22862551  0.04069544  3.14792801]
 [ 0.          0.          0.          1.        ]]"
3.934462070465088,"[[ 0.23196137  0.96452826  0.12516053 -9.59874117]
 [-0.01116097  0.13119802 -0.99108165 -5.18391757]
 [-0.97265406  0.22804473  0.04088672  3.20131277]
 [ 0.          0.          0.          1.        ]]"
3.968106985092163,"[[ 0.23203383  0.96448688  0.12534627 -9.65331651]
 [-0.01129799  0.13142623 -0.991051   -5.22421407]
 [-0.97263967  0.22808128  0.0410747   3.16381155]
 [ 0.          0.          0.          1.        ]]"
4.000333070755005,"[[ 0.23254659  0.96443601  0.12538344 -9.66900688]
 [-0.01069692  0.13145144 -0.99121492 -5.23752892]
 [-0.97261394  0.22881993  0.04065246  3.11817785]
 [ 0.          0.          0.          1.        ]]"
4.035274982452393,"[[ 0.23191749  0.96461199  0.12517649 -9.60803491]
 [-0.01093304  0.1312478  -0.99122848 -5.20518411]
 [-0.97271871  0.22826121  0.04081196  3.210747  ]
 [ 0.          0.          0.          1.        ]]"
4.067214012145996,"[[ 0.23239559  0.96437853  0.12551825 -9.62286786]
 [-0.01069529  0.13146251 -0.99104878 -5.23149391]
 [-0.97252193  0.22860562  0.04061045  3.1219636 ]
 [ 0.          0.          0.          1.        ]]"
4.099311828613281,"[[ 0.23243734  0.96440111  0.12547689 -9.65082901]
 [-0.01088276  0.13150272 -0.99109792 -5.25931725]
 [-0.97254019  0.22867999  0.04083833  3.11241891]
 [ 0.          0.          0.          1.        ]]"
4.131243944168091,"[[ 0.23130781  0.96461234  0.12555281 -9.59913764]
 [-0.01171704  0.13166189 -0.99096461 -5.24696336]
 [-0.9727496   0.22732932  0.04146621  3.25481175]
 [ 0.          0.          0.          1.        ]]"
4.163252115249634,"[[ 0.23159575  0.96458547  0.12566824 -9.54888204]
 [-0.01140175  0.13181608 -0.99107361 -5.25069155]
 [-0.97279653  0.227661    0.04122815  3.26721451]
 [ 0.          0.          0.          1.        ]]"
4.195029973983765,"[[ 0.23162406  0.96450977  0.12602284 -9.57659523]
 [-0.01149873  0.13218944 -0.99098178 -5.29805667]
 [-0.97280212  0.22752522  0.04132431  3.21546754]
 [ 0.          0.          0.          1.        ]]"
4.229145050048828,"[[ 0.23092112  0.96473523  0.12578606 -9.55737179]
 [-0.01154842  0.13194676 -0.99106173 -5.25643432]
 [-0.97295914  0.22697473  0.04131618  3.27696384]
 [ 0.          0.          0.          1.        ]]"
4.261219024658203,"[[ 0.23114858  0.96466083  0.1259487  -9.52080761]
 [-0.0118083   0.13217038 -0.99102543 -5.26891024]
 [-0.97286449  0.22724927  0.04170965  3.24127656]
 [ 0.          0.          0.          1.        ]]"
4.293243885040283,"[[ 0.23138422  0.964628    0.12619311 -9.55064674]
 [-0.01203284  0.13259465 -0.99109479 -5.33133944]
 [-0.9729542   0.22735901  0.04198638  3.19114666]
 [ 0.          0.          0.          1.        ]]"
4.326411962509155,"[[ 0.23104665  0.96476518  0.12594301 -9.53161506]
 [-0.01196831  0.13232214 -0.99117404 -5.290141  ]
 [-0.97301871  0.22719039  0.04191172  3.218356  ]
 [ 0.          0.          0.          1.        ]]"
4.360994100570679,"[[ 0.23157824  0.9645519   0.12551815 -9.55668447]
 [-0.01221415  0.13173599 -0.99094142 -5.26687156]
 [-0.97263393  0.22763345  0.04206736  3.16597121]
 [ 0.          0.          0.          1.        ]]"
4.393453121185303,"[[ 0.23174014  0.96456921  0.12573264 -9.60863812]
 [-0.01225182  0.13212189 -0.99107753 -5.28051986]
 [-0.972777    0.22775142  0.04217623  3.12529658]
 [ 0.          0.          0.          1.        ]]"
4.4280688762664795,"[[ 0.23145784  0.96470524  0.12560512 -9.60396484]
 [-0.01242172  0.13208833 -0.99118701 -5.28813912]
 [-0.97290063  0.22755873  0.04235556  3.13381108]
 [ 0.          0.          0.          1.        ]]"
4.460679054260254,"[[ 0.23179544  0.96456804  0.12585528 -9.52887737]
 [-0.0124863   0.13236105 -0.99110787 -5.27367219]
 [-0.972836    0.22772724  0.04243029  3.14953623]
 [ 0.          0.          0.          1.        ]]"
4.493560075759888,"[[ 0.23146417  0.96454192  0.12586857 -9.5909898 ]
 [-0.01249447  0.13218652 -0.99090258 -5.26873785]
 [-0.97271305  0.22737926  0.04236517  3.160635  ]
 [ 0.          0.          0.          1.        ]]"
4.527456045150757,"[[ 0.23144285  0.96449854  0.12578775 -9.61781895]
 [-0.01269838  0.13206856 -0.99079297 -5.24983243]
 [-0.97264519  0.2272227   0.04246933  3.19966927]
 [ 0.          0.          0.          1.        ]]"
4.560718059539795,"[[ 0.23139017  0.96468582  0.12544365 -9.56963178]
 [-0.01208874  0.13176695 -0.99111755 -5.20192063]
 [-0.97286244  0.22741725  0.04187782  3.26971443]
 [ 0.          0.          0.          1.        ]]"
4.59353494644165,"[[ 0.23151519  0.96465531  0.12544262 -9.59144373]
 [-0.01184443  0.13171287 -0.99112602 -5.20625876]
 [-0.97283382  0.22757514  0.0416466   3.2464536 ]
 [ 0.          0.          0.          1.        ]]"
4.62737512588501,"[[ 0.23101266  0.96473179  0.12560038 -9.6009515 ]
 [-0.01201655  0.13182783 -0.99104718 -5.22426387]
 [-0.9728424   0.22718747  0.04187429  3.25771988]
 [ 0.          0.          0.          1.        ]]"
4.65916109085083,"[[ 0.23119368  0.96480051  0.12537208 -9.56709627]
 [-0.01100621  0.13152828 -0.99128898 -5.17674579]
 [-0.97303099  0.22739111  0.04075307  3.283293  ]
 [ 0.          0.          0.          1.        ]]"
4.691991090774536,"[[ 0.2309778   0.96474678  0.12537385 -9.59082739]
 [-0.01138893  0.13143262 -0.99106629 -5.15552839]
 [-0.9728731   0.22710891  0.04108415  3.28643225]
 [ 0.          0.          0.          1.        ]]"
4.724862098693848,"[[ 0.23117227  0.96475708  0.1252913  -9.59291688]
 [-0.01121022  0.13141056 -0.99117952 -5.15800779]
 [-0.97296347  0.22723438  0.04085747  3.29237705]
 [ 0.          0.          0.          1.        ]]"
4.759347915649414,"[[ 0.23094669  0.96484709  0.12521503 -9.61097507]
 [-0.01103109  0.13128329 -0.99123985 -5.18264831]
 [-0.97296835  0.2272743   0.04078063  3.30081411]
 [ 0.          0.          0.          1.        ]]"
4.792278051376343,"[[ 0.23112259  0.96486721  0.12515672 -9.59908018]
 [-0.01083017  0.13129225 -0.99136713 -5.18663886]
 [-0.97307452  0.22739706  0.04054464  3.31976115]
 [ 0.          0.          0.          1.        ]]"
4.825001955032349,"[[ 0.23181451  0.96468192  0.12504434 -9.64277327]
 [-0.0107449   0.13113787 -0.99131716 -5.19394638]
 [-0.97286643  0.22804334  0.04048608  3.26402962]
 [ 0.          0.          0.          1.        ]]"
4.859338045120239,"[[ 0.23166697  0.96461256  0.12502051 -9.5970418 ]
 [-0.01075788  0.13092642 -0.99110717 -5.16969623]
 [-0.9726877   0.22788713  0.04044808  3.26321772]
 [ 0.          0.          0.          1.        ]]"
4.891561985015869,"[[ 0.23205365  0.96462439  0.12462504 -9.58927309]
 [-0.01062906  0.13059399 -0.99126906 -5.14871547]
 [-0.97269485  0.22832667  0.04030066  3.25951442]
 [ 0.          0.          0.          1.        ]]"
4.923222064971924,"[[ 0.23204768  0.96448946  0.12507353 -9.59660239]
 [-0.01105973  0.13104935 -0.99104195 -5.17036988]
 [-0.97260275  0.22808557  0.04073021  3.23306347]
 [ 0.          0.          0.          1.        ]]"
4.956655979156494,"[[ 0.23223388  0.96453551  0.12521012 -9.60552188]
 [-0.0104299   0.13119887 -0.99125446 -5.22791803]
 [-0.97269223  0.22855946  0.04029984  3.18782948]
 [ 0.          0.          0.          1.        ]]"
4.98971700668335,"[[ 0.23201825  0.96457861  0.12481692 -9.58993187]
 [-0.01107136  0.13085327 -0.99116892 -5.19790443]
 [-0.97266447  0.22816578  0.04074955  3.25217341]
 [ 0.          0.          0.          1.        ]]"
5.022249937057495,"[[ 0.23249551  0.96444278  0.12497758 -9.57313282]
 [-0.01084307  0.13096837 -0.99114943 -5.2015655 ]
 [-0.9725117   0.22875606  0.04068079  3.1906907 ]
 [ 0.          0.          0.          1.        ]]"
5.054597854614258,"[[ 0.23222971  0.9644469   0.12509748 -9.63247401]
 [-0.01141908  0.13118802 -0.99103476 -5.21927849]
 [-0.97259977  0.22813444  0.04107576  3.1548215 ]
 [ 0.          0.          0.          1.        ]]"
5.08647894859314,"[[ 0.23101449  0.96475231  0.12500769 -9.59461883]
 [-0.01225852  0.1311929  -0.99101004 -5.19834608]
 [-0.9727596   0.22710506  0.04192214  3.22193932]
 [ 0.          0.          0.          1.        ]]"
5.118582010269165,"[[ 0.2311821   0.96470434  0.12530435 -9.56626777]
 [-0.01237876  0.13157736 -0.99102198 -5.21898643]
 [-0.97275917  0.22728968  0.04217381  3.20675302]
 [ 0.          0.          0.          1.        ]]"
5.152879238128662,"[[ 0.23130121  0.96453838  0.125752   -9.59877944]
 [-0.01256536  0.13197795 -0.99080206 -5.2588223 ]
 [-0.97263736  0.22720569  0.0423719   3.18708153]
 [ 0.          0.          0.          1.        ]]"
5.1851630210876465,"[[ 0.23101132  0.96480305  0.12523499 -9.60555005]
 [-0.01231435  0.13158495 -0.99113659 -5.22179101]
 [-0.97294248  0.22703356  0.04201381  3.28570291]
 [ 0.          0.          0.          1.        ]]"
5.217604160308838,"[[ 0.2312638   0.96469093  0.12547409 -9.59008602]
 [-0.01237203  0.13182865 -0.99106147 -5.18998491]
 [-0.97286168  0.22721675  0.04212948  3.27982864]
 [ 0.          0.          0.          1.        ]]"
5.251664876937866,"[[ 0.23139462  0.96463411  0.12562377 -9.61604201]
 [-0.0122796   0.13194292 -0.99102883 -5.23706207]
 [-0.97278633  0.22742827  0.04213631  3.22882753]
 [ 0.          0.          0.          1.        ]]"
5.285776853561401,"[[ 0.23154525  0.96463665  0.12527294 -9.58480774]
 [-0.01177561  0.13149009 -0.99109133 -5.22283422]
 [-0.97281937  0.22748439  0.04144732  3.27779038]
 [ 0.          0.          0.          1.        ]]"
5.317867040634155,"[[ 0.23160201  0.96459061  0.12532416 -9.56637948]
 [-0.01142698  0.13139613 -0.99104195 -5.21097997]
 [-0.97270058  0.22771697  0.04119127  3.268999  ]
 [ 0.          0.          0.          1.        ]]"
5.352236032485962,"[[ 0.23126633  0.96469401  0.12545804 -9.59553956]
 [-0.01075758  0.13141883 -0.99113045 -5.22158059]
 [-0.97283775  0.22754139  0.04054726  3.24718904]
 [ 0.          0.          0.          1.        ]]"
5.384315013885498,"[[ 0.23138461  0.9647225   0.12532984 -9.58631619]
 [-0.01121227  0.13146938 -0.99120822 -5.23916649]
 [-0.97288997  0.22759238  0.04099744  3.28492261]
 [ 0.          0.          0.          1.        ]]"
5.417657136917114,"[[ 0.23198667  0.96455616  0.12548968 -9.52641543]
 [-0.01073976  0.13153019 -0.99119653 -5.23676918]
 [-0.9727083   0.22834035  0.04069769  3.24236678]
 [ 0.          0.          0.          1.        ]]"
5.451207876205444,"[[ 0.23217816  0.96454157  0.12549763 -9.57880574]
 [-0.01095465  0.13169197 -0.99125959 -5.25137448]
 [-0.97282235  0.22828005  0.04081054  3.22321658]
 [ 0.          0.          0.          1.        ]]"
5.484480142593384,"[[ 0.23175952  0.96456822  0.12569556 -9.56990916]
 [-0.0111731   0.13184405 -0.9911296  -5.27925802]
 [-0.97281854  0.22783552  0.04101815  3.21290908]
 [ 0.          0.          0.          1.        ]]"
5.516438961029053,"[[ 0.23197065  0.96449885  0.12560777 -9.54571675]
 [-0.01082755  0.1316411  -0.99109791 -5.22721232]
 [-0.97273807  0.22803415  0.04063054  3.20268386]
 [ 0.          0.          0.          1.        ]]"
5.548760175704956,"[[ 0.23129493  0.96474157  0.12560209 -9.52964956]
 [-0.01082506  0.13168463 -0.99124663 -5.22842334]
 [-0.9729167   0.22769427  0.04075606  3.20641438]
 [ 0.          0.          0.          1.        ]]"
5.583518981933594,"[[ 0.23101666  0.96470284  0.12586519 -9.53617458]
 [-0.01121519  0.13193508 -0.99106056 -5.25483284]
 [-0.97289169  0.2272244   0.04108123  3.24718142]
 [ 0.          0.          0.          1.        ]]"
5.615106105804443,"[[ 0.2314171   0.96472538  0.12576011 -9.56082151]
 [-0.0110443   0.13198389 -0.99128757 -5.23760134]
 [-0.97300825  0.22765323  0.04095964  3.21898219]
 [ 0.          0.          0.          1.        ]]"
5.647280931472778,"[[ 0.23156342  0.96466035  0.12553903 -9.56610033]
 [-0.01108297  0.13167451 -0.99119968 -5.22756664]
 [-0.97286253  0.22778391  0.04094507  3.20973692]
 [ 0.          0.          0.          1.        ]]"
5.680268049240112,"[[ 0.23114143  0.96472454  0.12545896 -9.59447929]
 [-0.01100175  0.13147304 -0.99112239 -5.22082201]
 [-0.97286675  0.22738361  0.04077831  3.22975276]
 [ 0.          0.          0.          1.        ]]"
5.71228289604187,"[[ 0.23156709  0.96468347  0.12539901 -9.56499601]
 [-0.01031247  0.13137341 -0.9912655  -5.20092312]
 [-0.97291451  0.22782196  0.04008025  3.25413225]
 [ 0.          0.          0.          1.        ]]"
5.744460105895996,"[[ 0.23173956  0.96470654  0.12504399 -9.57014691]
 [-0.01059705  0.1311072  -0.9913358  -5.17529626]
 [-0.97289021  0.22800903  0.04033874  3.26519686]
 [ 0.          0.          0.          1.        ]]"
5.779242992401123,"[[ 0.23174393  0.96465497  0.12522404 -9.5971852 ]
 [-0.01078796  0.13128341 -0.99124774 -5.22086548]
 [-0.97281472  0.22802027  0.04059733  3.23491238]
 [ 0.          0.          0.          1.        ]]"
5.811738967895508,"[[ 0.23175272  0.96455173  0.12558408 -9.60499628]
 [-0.01116975  0.13163569 -0.99107125 -5.2411189 ]
 [-0.97266345  0.22804258  0.04111447  3.22574857]
 [ 0.          0.          0.          1.        ]]"
5.844696998596191,"[[ 0.23187755  0.96452112  0.12558316 -9.56901708]
 [-0.01092563  0.13158136 -0.99107938 -5.24095279]
 [-0.97263442  0.22820035  0.04088346  3.214418  ]
 [ 0.          0.          0.          1.        ]]"
5.878854990005493,"[[ 0.23151372  0.96477043  0.12540455 -9.57361798]
 [-0.010703    0.13155615 -0.99138731 -5.22008965]
 [-0.9729736   0.22794669  0.04063223  3.24694571]
 [ 0.          0.          0.          1.        ]]"
5.911730051040649,"[[ 0.23183932  0.9646874   0.12540333 -9.60108835]
 [-0.0108403   0.1316092  -0.991374   -5.25077317]
 [-0.97292568  0.22815603  0.04075595  3.20387261]
 [ 0.          0.          0.          1.        ]]"
5.944308042526245,"[[ 0.23181651  0.96461877  0.12535202 -9.52709879]
 [-0.01108325  0.13149943 -0.99121711 -5.23431235]
 [-0.97282901  0.22795668  0.04088083  3.19464923]
 [ 0.          0.          0.          1.        ]]"
5.978322982788086,"[[ 0.23187419  0.96448029  0.12552657 -9.51624765]
 [-0.01088372  0.13149284 -0.99100733 -5.2154697 ]
 [-0.97269453  0.22784313  0.04058759  3.17240578]
 [ 0.          0.          0.          1.        ]]"
6.010890007019043,"[[ 0.2313327   0.96462316  0.12585341 -9.54357303]
 [-0.01197102  0.13212055 -0.9910213  -5.22214067]
 [-0.97283745  0.2273415   0.04183176  3.13791313]
 [ 0.          0.          0.          1.        ]]"
6.043290853500366,"[[ 0.23105243  0.96464752  0.12580926 -9.48364384]
 [-0.0120227   0.13200951 -0.99093525 -5.20321611]
 [-0.97284968  0.22695832  0.04176207  3.19412313]
 [ 0.          0.          0.          1.        ]]"
6.077437877655029,"[[ 0.23120449  0.9646915   0.12557647 -9.47038885]
 [-0.01191572  0.13182136 -0.9910659  -5.16958968]
 [-0.97287466  0.22722804  0.0416886   3.18441581]
 [ 0.          0.          0.          1.        ]]"
6.109426975250244,"[[ 0.23150156  0.96465775  0.12565736 -9.58944567]
 [-0.01224136  0.13207708 -0.99113447 -5.24359832]
 [-0.97289893  0.22747023  0.04208671  3.1622556 ]
 [ 0.          0.          0.          1.        ]]"
6.141385078430176,"[[ 0.23127028  0.96463876  0.12559309 -9.53972805]
 [-0.01220763  0.13182885 -0.99097628 -5.24199043]
 [-0.97273331  0.22737146  0.04206847  3.20390271]
 [ 0.          0.          0.          1.        ]]"
6.173326015472412,"[[ 0.23153113  0.9645948   0.12547723 -9.52068927]
 [-0.01194441  0.13169723 -0.99101692 -5.20411202]
 [-0.97275939  0.22749274  0.04169667  3.22289419]
 [ 0.          0.          0.          1.        ]]"
6.20728611946106,"[[ 0.23136757  0.964695    0.12569307 -9.55944285]
 [-0.01184485  0.13202985 -0.9911664  -5.23475538]
 [-0.97295032  0.22740164  0.04168171  3.1949419 ]
 [ 0.          0.          0.          1.        ]]"
6.239854097366333,"[[ 0.2308945   0.96477873  0.12571243 -9.53899668]
 [-0.01226456  0.13208995 -0.99109735 -5.2302263 ]
 [-0.97302631  0.22682227  0.0420091   3.25820216]
 [ 0.          0.          0.          1.        ]]"
6.272601127624512,"[[ 0.23087585  0.96485124  0.12536821 -9.51874709]
 [-0.01154858  0.13158446 -0.99121518 -5.19091638]
 [-0.97302747  0.22705019  0.04128596  3.2863085 ]
 [ 0.          0.          0.          1.        ]]"
6.304462909698486,"[[ 0.23126633  0.96469401  0.12545804 -9.58365098]
 [-0.01075758  0.13141883 -0.99113045 -5.20199482]
 [-0.97283775  0.22754139  0.04054726  3.20749382]
 [ 0.          0.          0.          1.        ]]"
6.3367087841033936,"[[ 0.23103741  0.96460761  0.12548735 -9.56142109]
 [-0.01083434  0.13125044 -0.99085946 -5.1833706 ]
 [-0.97268587  0.22713886  0.04047167  3.26666476]
 [ 0.          0.          0.          1.        ]]"
6.369347095489502,"[[ 0.23151161  0.96468444  0.12527626 -9.50606312]
 [-0.01007839  0.13113402 -0.99123421 -5.14540889]
 [-0.97285473  0.22784557  0.03982669  3.26442802]
 [ 0.          0.          0.          1.        ]]"
6.403385877609253,"[[ 0.23122322  0.9648154   0.12549278 -9.53933772]
 [-0.01022249  0.13152108 -0.99137607 -5.183247  ]
 [-0.97307489  0.22759722  0.04004229  3.25916463]
 [ 0.          0.          0.          1.        ]]"
6.435222148895264,"[[ 0.23055465  0.96482445  0.12539191 -9.59195535]
 [-0.011416    0.13140851 -0.99102467 -5.18887688]
 [-0.9729445   0.22665322  0.04103282  3.29530867]
 [ 0.          0.          0.          1.        ]]"
6.467238903045654,"[[ 0.23080316  0.96488744  0.12524018 -9.56534131]
 [-0.01125319  0.13136855 -0.99124583 -5.17422836]
 [-0.97301316  0.22711381  0.0410026   3.28734964]
 [ 0.          0.          0.          1.        ]]"
6.500212907791138,"[[ 0.23107315  0.96477935  0.12555319 -9.57710294]
 [-0.01144144  0.13175849 -0.99119245 -5.20997292]
 [-0.97298414  0.22724442  0.04124277  3.24609892]
 [ 0.          0.          0.          1.        ]]"
6.533312082290649,"[[ 0.23089597  0.96473384  0.12564101 -9.58740724]
 [-0.01168115  0.13175719 -0.99101751 -5.22747766]
 [-0.97284854  0.22707908  0.041499    3.25563821]
 [ 0.          0.          0.          1.        ]]"
6.565195083618164,"[[ 0.23118856  0.96475194  0.12554193 -9.57444597]
 [-0.01181578  0.131837   -0.99117484 -5.23069416]
 [-0.97294898  0.2273103   0.04163851  3.25713507]
 [ 0.          0.          0.          1.        ]]"
6.597023963928223,"[[ 0.23164017  0.96462478  0.12544163 -9.5646514 ]
 [-0.01160015  0.13165871 -0.9911344  -5.26192257]
 [-0.97280508  0.227733    0.04141541  3.22502317]
 [ 0.          0.          0.          1.        ]]"
6.629037141799927,"[[ 0.23149852  0.96466453  0.12540595 -9.58537562]
 [-0.0114672   0.13156809 -0.9911432  -5.249795  ]
 [-0.97279703  0.22771588  0.04131806  3.22101958]
 [ 0.          0.          0.          1.        ]]"
6.661406993865967,"[[ 0.23135215  0.96465168  0.12532613 -9.54760264]
 [-0.01191537  0.13150443 -0.99102535 -5.19795366]
 [-0.97275814  0.2274014   0.04165347  3.22461553]
 [ 0.          0.          0.          1.        ]]"
6.693112134933472,"[[ 0.2314245   0.96474569  0.12534953 -9.53600773]
 [-0.01175491  0.13168543 -0.9912541  -5.21524542]
 [-0.97296096  0.227523    0.04154454  3.19609758]
 [ 0.          0.          0.          1.        ]]"
6.727082967758179,"[[ 0.23137356  0.96469507  0.12540693 -9.53843097]
 [-0.01171143  0.13162225 -0.99113488 -5.22821754]
 [-0.9728258   0.22755804  0.0415492   3.22505323]
 [ 0.          0.          0.          1.        ]]"
6.759527921676636,"[[ 0.23174016  0.96463189  0.12536415 -9.54119594]
 [-0.01155834  0.13158466 -0.99118143 -5.24298836]
 [-0.97276222  0.2279822   0.04146217  3.22247969]
 [ 0.          0.          0.          1.        ]]"
6.791865110397339,"[[ 0.23191468  0.96449122  0.12549768 -9.54833955]
 [-0.011694    0.13164875 -0.99100192 -5.24889344]
 [-0.97262204  0.22797721  0.0415438   3.19224143]
 [ 0.          0.          0.          1.        ]]"
6.825178861618042,"[[ 0.23197605  0.96462543  0.12517176 -9.55132442]
 [-0.01149759  0.13143295 -0.99126056 -5.21210037]
 [-0.97277398  0.22819485  0.04136819  3.1897875 ]
 [ 0.          0.          0.          1.        ]]"
6.857326030731201,"[[ 0.23156287  0.96465674  0.12549392 -9.54307602]
 [-0.0123423   0.13190873 -0.99113355 -5.2567772 ]
 [-0.97283359  0.22760267  0.04220804  3.20490074]
 [ 0.          0.          0.          1.        ]]"
6.8933329582214355,"[[ 0.23131086  0.96460553  0.1258043  -9.51520786]
 [-0.01249122  0.1321707  -0.99095566 -5.26296258]
 [-0.97285131  0.22708353  0.04223473  3.23914002]
 [ 0.          0.          0.          1.        ]]"
6.926302909851074,"[[ 0.23137799  0.9646434   0.12558701 -9.50630984]
 [-0.01190232  0.13179825 -0.99104631 -5.25526443]
 [-0.97274985  0.2275691   0.04180771  3.23678412]
 [ 0.          0.          0.          1.        ]]"
6.958122968673706,"[[ 0.23195332  0.96449933  0.1255837  -9.60319166]
 [-0.01155119  0.1317431  -0.99104972 -5.27586518]
 [-0.9726444   0.22809401  0.04146928  3.15623174]
 [ 0.          0.          0.          1.        ]]"
6.99023699760437,"[[ 0.23192505  0.96464518  0.12527103 -9.55247176]
 [-0.01199825  0.13169527 -0.99126884 -5.26318499]
 [-0.9728461   0.22801588  0.0418624   3.19152248]
 [ 0.          0.          0.          1.        ]]"
7.022197008132935,"[[ 0.23209135  0.96459794  0.12516036 -9.52385968]
 [-0.01187192  0.13151168 -0.9912429  -5.215544  ]
 [-0.97273868  0.22826077  0.04176393  3.19158887]
 [ 0.          0.          0.          1.        ]]"
7.0562591552734375,"[[ 0.23182825  0.96458734  0.12512139 -9.5520664 ]
 [-0.01198469  0.13137721 -0.99109516 -5.21073854]
 [-0.97270592  0.22783778  0.04172406  3.20061737]
 [ 0.          0.          0.          1.        ]]"
7.088413953781128,"[[ 0.23123624  0.96475342  0.12559322 -9.54137499]
 [-0.01231367  0.13203276 -0.99118248 -5.27864304]
 [-0.97294886  0.22733789  0.04219997  3.25510006]
 [ 0.          0.          0.          1.        ]]"
7.121080160140991,"[[ 0.2315228   0.96462319  0.12543742 -9.51447651]
 [-0.01252414  0.13182198 -0.991038   -5.24645933]
 [-0.97278169  0.22744327  0.04230314  3.26840847]
 [ 0.          0.          0.          1.        ]]"
7.153563976287842,"[[ 0.23217612  0.96450751  0.12553963 -9.57381659]
 [-0.01209456  0.13194687 -0.99114631 -5.23193128]
 [-0.97273597  0.22815648  0.04199854  3.18274822]
 [ 0.          0.          0.          1.        ]]"
7.186676979064941,"[[ 0.23196483  0.96463946  0.12525911 -9.54554154]
 [-0.01174679  0.13161226 -0.9912812  -5.22229146]
 [-0.97280113  0.22818824  0.0416721   3.21959207]
 [ 0.          0.          0.          1.        ]]"
7.219624042510986,"[[ 0.23219027  0.96447908  0.12529341 -9.48969081]
 [-0.01138187  0.13141403 -0.99109333 -5.18061738]
 [-0.97258872  0.22836211  0.04125958  3.24978777]
 [ 0.          0.          0.          1.        ]]"
7.253000020980835,"[[ 0.2322655   0.96455839  0.12515809 -9.50810873]
 [-0.01075788  0.13124111 -0.99128905 -5.17195272]
 [-0.97267074  0.22868258  0.04071567  3.18403991]
 [ 0.          0.          0.          1.        ]]"
7.286612033843994,"[[ 0.23190213  0.96447988  0.12561446 -9.51479176]
 [-0.01198218  0.13183573 -0.99097482 -5.21324687]
 [-0.97261979  0.22792789  0.04186822  3.24113556]
 [ 0.          0.          0.          1.        ]]"
7.320272922515869,"[[ 0.23249541  0.96441666  0.12541427 -9.45862427]
 [-0.01112769  0.13154462 -0.99114053 -5.17430506]
 [-0.97258997  0.22865382  0.04105124  3.20731128]
 [ 0.          0.          0.          1.        ]]"
7.352867126464844,"[[ 0.23266738  0.96434317  0.12545402 -9.51164195]
 [-0.01115325  0.13152929 -0.99107392 -5.16330186]
 [-0.97243598  0.22895237  0.04119085  3.16690453]
 [ 0.          0.          0.          1.        ]]"
7.384999990463257,"[[ 0.2323833   0.96446376  0.12524043 -9.55237158]
 [-0.0112422   0.1313994  -0.99115893 -5.20102006]
 [-0.97264946  0.22844501  0.04105349  3.23201693]
 [ 0.          0.          0.          1.        ]]"
7.417255878448486,"[[ 0.23246717  0.96449218  0.12505963 -9.51182445]
 [-0.0110308   0.13117124 -0.9912322  -5.18489128]
 [-0.97258446  0.22878956  0.04095475  3.23651829]
 [ 0.          0.          0.          1.        ]]"
7.451918840408325,"[[ 0.23300075  0.96423125  0.12549287 -9.50447879]
 [-0.01071147  0.13145677 -0.99103836 -5.19450841]
 [-0.97236421  0.22921064  0.04070874  3.14001069]
 [ 0.          0.          0.          1.        ]]"
7.484338998794556,"[[ 0.23194741  0.96449923  0.1258699  -9.572883  ]
 [-0.0116844   0.13215081 -0.99108114 -5.21953722]
 [-0.97276891  0.22793769  0.04160181  3.19765354]
 [ 0.          0.          0.          1.        ]]"
7.516963005065918,"[[ 0.23202932  0.96451223  0.12560297 -9.55697758]
 [-0.01139206  0.13182617 -0.99113012 -5.20821762]
 [-0.97279353  0.22796771  0.04118657  3.19931998]
 [ 0.          0.          0.          1.        ]]"
7.551450967788696,"[[ 0.23251101  0.96435102  0.12550688 -9.57058361]
 [-0.01106944  0.13154142 -0.99103152 -5.21765181]
 [-0.97248697  0.22867157  0.04100603  3.11454288]
 [ 0.          0.          0.          1.        ]]"
7.584372043609619,"[[ 0.23215189  0.9644449   0.12517596 -9.62155418]
 [-0.01120895  0.13115129 -0.99100067 -5.20049095]
 [-0.97248409  0.22834591  0.04103562  3.17952757]
 [ 0.          0.          0.          1.        ]]"
7.6170408725738525,"[[ 0.23256038  0.96443856  0.12511082 -9.59802755]
 [-0.01045882  0.13107438 -0.99120562 -5.18611918]
 [-0.97257676  0.228824    0.04030789  3.17795659]
 [ 0.          0.          0.          1.        ]]"
7.651515007019043,"[[ 0.23262716  0.96442348  0.12514609 -9.6277096 ]
 [-0.01044383  0.13113433 -0.99121578 -5.19434215]
