1.7733089923858643,"[[ 0.22916     0.96518259  0.12597637 -9.47773326]
 [-0.01318491  0.132514   -0.9910741  -5.35515814]
 [-0.97341052  0.22511419  0.04286343  3.3698515 ]
 [ 0.          0.          0.          1.        ]]"
1.8075079917907715,"[[ 0.22977911  0.96504976  0.12526345 -9.49892165]
 [-0.01324226  0.13169823 -0.99101275 -5.24931984]
 [-0.97312946  0.2256974   0.04279321  3.38638911]
 [ 0.          0.          0.          1.        ]]"
1.8422598838806152,"[[ 0.23138057  0.96463347  0.12636404 -9.72613231]
 [-0.01403619  0.13327148 -0.99103282 -5.4552734 ]
 [-0.97295044  0.22714802  0.04411907  3.04998514]
 [ 0.          0.          0.          1.        ]]"
1.8757030963897705,"[[ 0.23083191  0.96455917  0.12710692 -9.43908963]
 [-0.01404628  0.1338143  -0.99071519 -5.37534839]
 [-0.97283431  0.22663212  0.04424743  3.12950241]
 [ 0.          0.          0.          1.        ]]"
1.9104700088500977,"[[ 0.22800974  0.96531827  0.1267163  -9.3081124 ]
 [-0.01117141  0.13267909 -0.99098445 -5.15937791]
 [-0.97359917  0.22427841  0.04085677  3.44370387]
 [ 0.          0.          0.          1.        ]]"
1.9421420097351074,"[[  0.23018149   0.9649102    0.12585992 -10.00546456]
 [ -0.01267411   0.13222921  -0.99101384  -4.33718465]
 [ -0.97304654   0.22629128   0.04250904   1.08079118]
 [  0.           0.           0.           1.        ]]"
1.9748480319976807,"[[ 0.23038174  0.96483114  0.12629645 -9.52399658]
 [-0.01334204  0.13291137 -0.99098089 -5.33247925]
 [-0.97310401  0.2262387   0.04323481  3.25700673]
 [ 0.          0.          0.          1.        ]]"
2.010531187057495,"[[ 0.2304115   0.96476841  0.12611618 -9.53546089]
 [-0.01304445  0.1325319  -0.99086412 -5.3151536 ]
 [-0.97296504  0.22626186  0.04284446  3.24492183]
 [ 0.          0.          0.          1.        ]]"
2.042518138885498,"[[ 0.23135142  0.96462919  0.12597661 -9.52537469]
 [-0.01242919  0.1323617  -0.99102734 -5.29572461]
 [-0.97278392  0.22751483  0.04247683  3.19675545]
 [ 0.          0.          0.          1.        ]]"
2.075978994369507,"[[ 0.23137163  0.96461648  0.12630982 -9.57007492]
 [-0.01232151  0.1327813  -0.99106741 -5.32247962]
 [-0.97295171  0.22730944  0.0423112   3.18834669]
 [ 0.          0.          0.          1.        ]]"
2.111372947692871,"[[ 0.23117025  0.96470939  0.12597138 -9.52803541]
 [-0.01176293  0.13227587 -0.99113506 -5.26257838]
 [-0.97296091  0.22730583  0.04170107  3.21412664]
 [ 0.          0.          0.          1.        ]]"
2.144562005996704,"[[ 0.23176353  0.96454237  0.12590691 -9.54608415]
 [-0.01168005  0.13218821 -0.99108557 -5.29050973]
 [-0.97282487  0.22774552  0.04157536  3.21434016]
 [ 0.          0.          0.          1.        ]]"
2.177582025527954,"[[ 0.2320096   0.96445788  0.12604511 -9.57136939]
 [-0.01196194  0.13238084 -0.99103502 -5.32210657]
 [-0.97271394  0.22802278  0.04197811  3.20416217]
 [ 0.          0.          0.          1.        ]]"
2.211113929748535,"[[ 0.23198843  0.96451888  0.12582852 -9.54204542]
 [-0.01139398  0.13205998 -0.99114096 -5.2978641 ]
 [-0.97275314  0.22815265  0.04139105  3.21870505]
 [ 0.          0.          0.          1.        ]]"
2.2443900108337402,"[[ 0.23238294  0.9643672   0.12563522 -9.46767697]
 [-0.01098331  0.13164991 -0.99102198 -5.231098  ]
 [-0.97252006  0.22855632  0.0409348   3.21521411]
 [ 0.          0.          0.          1.        ]]"
2.2779698371887207,"[[ 0.23232294  0.96439358  0.12576932 -9.49897326]
 [-0.01084317  0.13181049 -0.99107017 -5.25671192]
 [-0.97261448  0.22846663  0.04079293  3.19490938]
 [ 0.          0.          0.          1.        ]]"
2.3113670349121094,"[[ 0.23155518  0.96459733  0.12583585 -9.48138875]
 [-0.01156223  0.13203757 -0.9910844  -5.27955905]
 [-0.97278475  0.22774575  0.04152822  3.25126043]
 [ 0.          0.          0.          1.        ]]"
2.3451321125030518,"[[ 0.23169689  0.96455749  0.12587157 -9.42327492]
 [-0.0116951   0.13212815 -0.99107545 -5.2765174 ]
 [-0.97279269  0.22776278  0.04162553  3.28648095]
 [ 0.          0.          0.          1.        ]]"
2.379101037979126,"[[ 0.23159327  0.96463131  0.12595343 -9.44429178]
 [-0.01173549  0.13230017 -0.99117654 -5.27918909]
 [-0.97288911  0.22776151  0.04175245  3.26830426]
 [ 0.          0.          0.          1.        ]]"
2.4127848148345947,"[[ 0.23087243  0.96477566  0.12591364 -9.46735984]
 [-0.01228873  0.13229254 -0.99109404 -5.28015836]
 [-0.97296998  0.22701017  0.04222275  3.27684434]
 [ 0.          0.          0.          1.        ]]"
2.4455738067626953,"[[ 0.23043089  0.96476245  0.12613676 -9.42395757]
 [-0.01180676  0.13226846 -0.99091755 -5.23811075]
 [-0.97297966  0.22644654  0.04159045  3.32144377]
 [ 0.          0.          0.          1.        ]]"
2.480391025543213,"[[ 0.23031724  0.96487538  0.12627674 -9.45130207]
 [-0.01205806  0.13261142 -0.99108627 -5.24916734]
 [-0.97313196  0.22648079  0.04200105  3.30432431]
 [ 0.          0.          0.          1.        ]]"
2.517667770385742,"[[ 0.22975465  0.96507439  0.12617376 -9.47072991]
 [-0.01234938  0.13263631 -0.99119311 -5.25934097]
 [-0.97336385  0.22589187  0.04220588  3.37579433]
 [ 0.          0.          0.          1.        ]]"
2.551459789276123,"[[ 0.23016099  0.96480492  0.1260288  -9.47841795]
 [-0.01246049  0.13225034 -0.99083834 -5.22738708]
 [-0.97299776  0.2260165   0.04213658  3.33631283]
 [ 0.          0.          0.          1.        ]]"
2.586038112640381,"[[ 0.2303048   0.96498218  0.12562029 -9.52650273]
 [-0.0121608   0.13198455 -0.99120605 -5.20968604]
 [-0.97315274  0.22652314  0.04197843  3.29339021]
 [ 0.          0.          0.          1.        ]]"
2.6197669506073,"[[ 0.23074239  0.96479738  0.12557686 -9.53510655]
 [-0.01167765  0.13174163 -0.99107047 -5.23929559]
 [-0.97298654  0.22678333  0.04136861  3.30343644]
 [ 0.          0.          0.          1.        ]]"
2.6534080505371094,"[[ 0.23085455  0.96475033  0.12575077 -9.50286032]
 [-0.01156341  0.13188678 -0.9910517  -5.23083185]
 [-0.97292703  0.226992    0.04136636  3.30667591]
 [ 0.          0.          0.          1.        ]]"
2.6866209506988525,"[[ 0.23126718  0.96471576  0.12538365 -9.54011323]
 [-0.01197779  0.13164517 -0.9911124  -5.22799986]
 [-0.97283855  0.22740294  0.04178951  3.27503182]
 [ 0.          0.          0.          1.        ]]"
2.7208609580993652,"[[ 0.23164353  0.96458685  0.12571969 -9.57461138]
 [-0.01189959  0.13201216 -0.99108135 -5.26707332]
 [-0.97279655  0.22768849  0.04178956  3.25305138]
 [ 0.          0.          0.          1.        ]]"
2.753809928894043,"[[ 0.23208926  0.96448584  0.12546892 -9.51922019]
 [-0.01153216  0.13166553 -0.99108184 -5.26269628]
 [-0.97269903  0.22805744  0.04132848  3.26015954]
 [ 0.          0.          0.          1.        ]]"
2.788991928100586,"[[ 0.23207011  0.96463244  0.12538046 -9.4999643 ]
 [-0.011589    0.13176662 -0.99133916 -5.27277018]
 [-0.97285562  0.22828782  0.04154749  3.24918155]
 [ 0.          0.          0.          1.        ]]"
2.8219871520996094,"[[ 0.23146543  0.96458997  0.12592402 -9.500735  ]
 [-0.01146323  0.13210992 -0.99105232 -5.28972941]
 [-0.97286785  0.22744776  0.04129296  3.28214366]
 [ 0.          0.          0.          1.        ]]"
2.856153964996338,"[[ 0.23084492  0.96483126  0.12604127 -9.47284391]
 [-0.01169538  0.1323923  -0.99123144 -5.30829924]
 [-0.97310528  0.22708364  0.0416724   3.28791142]
 [ 0.          0.          0.          1.        ]]"
2.890148878097534,"[[ 0.2307186   0.9647585   0.12577084 -9.44348434]
 [-0.01246531  0.1320806  -0.99096956 -5.25895707]
 [-0.97291956  0.22669946  0.04224483  3.29305855]
 [ 0.          0.          0.          1.        ]]"
2.9239649772644043,"[[ 0.2309796   0.96465706  0.12611822 -9.46465475]
 [-0.01201282  0.13236944 -0.99095626 -5.26571444]
 [-0.97291326  0.22691911  0.04184903  3.27052305]
 [ 0.          0.          0.          1.        ]]"
2.9602890014648438,"[[ 0.23064455  0.96478185  0.12617788 -9.48426449]
 [-0.01256417  0.1326179  -0.99102602 -5.30359778]
 [-0.97305047  0.22660444  0.04244741  3.25513289]
 [ 0.          0.          0.          1.        ]]"
2.9932501316070557,"[[ 0.23064114  0.96481985  0.12589977 -9.4399324 ]
 [-0.0122646   0.13226473 -0.99107933 -5.24697206]
 [-0.97305914  0.22664916  0.04207346  3.31801298]
 [ 0.          0.          0.          1.        ]]"
3.026664972305298,"[[ 0.23083206  0.96473677  0.12591556 -9.47362347]
 [-0.01231199  0.13221831 -0.9909982  -5.28327434]
 [-0.97288926  0.22695061  0.04222214  3.30602725]
 [ 0.          0.          0.          1.        ]]"
3.059525966644287,"[[ 0.23124832  0.96469908  0.12584474 -9.52372159]
 [-0.01224121  0.13225205 -0.99111662 -5.31932367]
 [-0.97293205  0.22729722  0.04215103  3.27135729]
 [ 0.          0.          0.          1.        ]]"
3.091312885284424,"[[ 0.23194189  0.96470095  0.1251034  -9.48076628]
 [-0.01153374  0.13146742 -0.99138385 -5.24684541]
 [-0.97289305  0.22817443  0.04140434  3.27395018]
 [ 0.          0.          0.          1.        ]]"
3.124213933944702,"[[ 0.23199971  0.96456241  0.12527792 -9.52057604]
 [-0.01133404  0.13146067 -0.99117429 -5.27676176]
 [-0.97275874  0.22806085  0.04111073  3.23014322]
 [ 0.          0.          0.          1.        ]]"
3.158792018890381,"[[ 0.23177304  0.96466627  0.12529967 -9.5406372 ]
 [-0.01126352  0.13151078 -0.99127016 -5.30064601]
 [-0.97283117  0.22804541  0.04114949  3.23630843]
 [ 0.          0.          0.          1.        ]]"
3.1914420127868652,"[[ 0.23207054  0.96456331  0.12506703 -9.45899846]
 [-0.010975    0.13114684 -0.99119883 -5.23230732]
 [-0.97272798  0.22818472  0.04070088  3.27285472]
 [ 0.          0.          0.          1.        ]]"
3.2234299182891846,"[[ 0.2318888   0.96451227  0.12543799 -9.51303945]
 [-0.01083483  0.13138986 -0.99105846 -5.27214526]
 [-0.97263561  0.22810682  0.04067532  3.21002286]
 [ 0.          0.          0.          1.        ]]"
3.259222984313965,"[[ 0.23167909  0.96460695  0.12549624 -9.56397775]
 [-0.0111413   0.13158487 -0.99113763 -5.31995494]
 [-0.9727453   0.22795081  0.04104226  3.21097932]
 [ 0.          0.          0.          1.        ]]"
3.2930119037628174,"[[ 0.23112013  0.96462905  0.12578342 -9.44617882]
 [-0.01117492  0.13176318 -0.99095929 -5.26398333]
 [-0.97279521  0.22722553  0.04095461  3.28778015]
 [ 0.          0.          0.          1.        ]]"
3.3258261680603027,"[[ 0.2311415   0.96467232  0.12586431 -9.46043143]
 [-0.010971    0.13188096 -0.99106867 -5.3117058 ]
 [-0.97286276  0.22738225  0.04085025  3.25743933]
 [ 0.          0.          0.          1.        ]]"
3.3583738803863525,"[[ 0.23107208  0.96470173  0.12598787 -9.49005388]
 [-0.01144962  0.13217414 -0.99109127 -5.32113138]
 [-0.97295101  0.22720042  0.04133506  3.26060495]
 [ 0.          0.          0.          1.        ]]"
3.3923230171203613,"[[ 0.23134313  0.96457959  0.12620267 -9.4702115 ]
 [-0.01152937  0.13238645 -0.99100185 -5.29814981]
 [-0.97285426  0.22738623  0.04145995  3.28243598]
 [ 0.          0.          0.          1.        ]]"
3.4245100021362305,"[[ 0.23140317  0.96455335  0.12606858 -9.4575784 ]
 [-0.01166928  0.13222575 -0.99095364 -5.31227388]
 [-0.97275982  0.22747602  0.0416018   3.23220004]
 [ 0.          0.          0.          1.        ]]"
3.4591801166534424,"[[ 0.23182077  0.96454064  0.12596864 -9.48611269]
 [-0.01155942  0.1322514  -0.99111928 -5.30929604]
 [-0.97283126  0.2278652   0.0415101   3.20968306]
 [ 0.          0.          0.          1.        ]]"
3.4921770095825195,"[[ 0.23269708  0.96429797  0.12572108 -9.47161833]
 [-0.01136977  0.13188221 -0.99102923 -5.26057305]
 [-0.97249899  0.22875885  0.04136261  3.1625218 ]
 [ 0.          0.          0.          1.        ]]"
3.526602029800415,"[[ 0.23259804  0.96432009  0.12598276 -9.45743896]
 [-0.01160084  0.13223047 -0.99104184 -5.2764437 ]
 [-0.9725197   0.22876869  0.04174813  3.1361368 ]
 [ 0.          0.          0.          1.        ]]"
3.559886932373047,"[[ 0.23222721  0.9644354   0.12584563 -9.45115444]
 [-0.0115631   0.13209214 -0.99108404 -5.26947637]
 [-0.97265965  0.22833367  0.04157639  3.16834633]
 [ 0.          0.          0.          1.        ]]"
3.5924527645111084,"[[ 0.23236474  0.96442131  0.12567007 -9.49937208]
 [-0.01118919  0.13183828 -0.99111905 -5.29125132]
 [-0.97266109  0.22844067  0.04111659  3.12944047]
 [ 0.          0.          0.          1.        ]]"
3.624423027038574,"[[ 0.23191195  0.96438833  0.12596162 -9.45418812]
 [-0.01174125  0.13207181 -0.99085281 -5.28188479]
 [-0.97255926  0.22789028  0.04165712  3.15506153]
 [ 0.          0.          0.          1.        ]]"
3.658424139022827,"[[ 0.23172037  0.96456401  0.12582313 -9.4452325 ]
 [-0.01154439  0.13203135 -0.99109407 -5.27574   ]
 [-0.97274483  0.22793518  0.04154547  3.16954443]
 [ 0.          0.          0.          1.        ]]"
3.690509080886841,"[[ 0.23138318  0.96455005  0.12662746 -9.47099002]
 [-0.01204141  0.13300985 -0.99099307 -5.36223272]
 [-0.9729208   0.22731459  0.04207905  3.1951198 ]
 [ 0.          0.          0.          1.        ]]"
3.72222900390625,"[[ 0.23051084  0.96476656  0.12661832 -9.43535957]
 [-0.01213719  0.13297844 -0.99100423 -5.35869922]
 [-0.97309805  0.22653436  0.04211418  3.25152043]
 [ 0.          0.          0.          1.        ]]"
3.7557871341705322,"[[ 0.2305958   0.96470266  0.12656071 -9.39290192]
 [-0.0120746   0.13283766 -0.99091727 -5.31570799]
 [-0.97301764  0.2265329   0.04197815  3.27275441]
 [ 0.          0.          0.          1.        ]]"
3.7904210090637207,"[[ 0.23113473  0.96463626  0.12660013 -9.49731966]
 [-0.01249121  0.13311006 -0.99102334 -5.35635386]
 [-0.97300704  0.22704095  0.04252065  3.20097918]
 [ 0.          0.          0.          1.        ]]"
3.823456048965454,"[[ 0.23120437  0.96460708  0.12647649 -9.43918204]
 [-0.01201218  0.13281715 -0.99100175 -5.30152833]
 [-0.97291958  0.22722337  0.04203545  3.21854121]
 [ 0.          0.          0.          1.        ]]"
3.8574070930480957,"[[ 0.23167373  0.96456137  0.12617918 -9.42419085]
 [-0.01129268  0.13240345 -0.99112404 -5.25514322]
 [-0.97285184  0.2278474   0.04133392  3.23796377]
 [ 0.          0.          0.          1.        ]]"
3.8906960487365723,"[[ 0.23180791  0.96452401  0.1261435  -9.52249352]
 [-0.01168919  0.13245082 -0.99109222 -5.28824133]
 [-0.97280056  0.22791593  0.04173895  3.19309495]
 [ 0.          0.          0.          1.        ]]"
3.9233720302581787,"[[ 0.2320919   0.96444503  0.1257467  -9.4812867 ]
 [-0.01135376  0.1318879  -0.99103973 -5.23021931]
 [-0.97265659  0.22815377  0.04126427  3.23798759]
 [ 0.          0.          0.          1.        ]]"
3.9573681354522705,"[[ 0.23196017  0.96459454  0.12547395 -9.46646435]
 [-0.01129696  0.13168668 -0.99123278 -5.22990676]
 [-0.97274764  0.22828846  0.04129463  3.23198117]
 [ 0.          0.          0.          1.        ]]"
3.9905459880828857,"[[ 0.23206398  0.96448436  0.12532386 -9.55125821]
 [-0.01166497  0.13147616 -0.99103749 -5.21180802]
 [-0.97258837  0.22816175  0.04151117  3.19863004]
 [ 0.          0.          0.          1.        ]]"
4.022645950317383,"[[ 0.23159246  0.96472908  0.12515129 -9.52369319]
 [-0.01174788  0.13148155 -0.99127573 -5.20323954]
 [-0.9729115   0.22771045  0.04152108  3.25061827]
 [ 0.          0.          0.          1.        ]]"
4.05662202835083,"[[ 0.23139928  0.96474421  0.12520448 -9.47594373]
 [-0.01188766  0.13149594 -0.99120968 -5.18029857]
 [-0.97285025  0.22762745  0.04172735  3.29784386]
 [ 0.          0.          0.          1.        ]]"
4.089308023452759,"[[ 0.23074681  0.96482199  0.1254415  -9.53284538]
 [-0.01297204  0.1318995  -0.99104439 -5.2314875 ]
 [-0.9729387   0.22672586  0.04272579  3.27631204]
 [ 0.          0.          0.          1.        ]]"
4.121986150741577,"[[ 0.23078485  0.9648009   0.12534278 -9.51180369]
 [-0.01263966  0.13172025 -0.99103353 -5.21639867]
 [-0.97298427  0.22658381  0.04221883  3.32294412]
 [ 0.          0.          0.          1.        ]]"
4.156085968017578,"[[ 0.2306929   0.96498392  0.12512657 -9.51129043]
 [-0.01240107  0.13160582 -0.99132168 -5.21455114]
 [-0.97312696  0.22687783  0.04215465  3.31390866]
 [ 0.          0.          0.          1.        ]]"
4.188722848892212,"[[ 0.23111776  0.96478238  0.12525824 -9.52295993]
 [-0.01204798  0.13156211 -0.99115914 -5.2000265 ]
 [-0.97292983  0.22718868  0.04177349  3.28836563]
 [ 0.          0.          0.          1.        ]]"
4.221837043762207,"[[ 0.2313508   0.96462637  0.12535555 -9.53105478]
 [-0.01195426  0.13151219 -0.99097789 -5.2076772 ]
 [-0.97272891  0.22735887  0.04167391  3.29358239]
 [ 0.          0.          0.          1.        ]]"
4.255537986755371,"[[ 0.23135791  0.96476077  0.12531423 -9.53823818]
 [-0.01176982  0.13162542 -0.99124401 -5.25183535]
 [-0.97292884  0.22754031  0.04159462  3.31425774]
 [ 0.          0.          0.          1.        ]]"
4.288299083709717,"[[ 0.23183765  0.96448769  0.12552659 -9.51460465]
 [-0.01110736  0.13149493 -0.99098415 -5.24944296]
 [-0.97258295  0.22804094  0.04097845  3.26887945]
 [ 0.          0.          0.          1.        ]]"
4.320110082626343,"[[ 0.23226747  0.9643947   0.12564664 -9.50601381]
 [-0.01060914  0.13157113 -0.99103922 -5.24736958]
 [-0.97255499  0.22849036  0.04053921  3.22308845]
 [ 0.          0.          0.          1.        ]]"
4.352131128311157,"[[ 0.23215977  0.9643902   0.12565272 -9.52786441]
 [-0.01091448  0.13160218 -0.99096948 -5.28632121]
 [-0.9725389   0.22829272  0.04080012  3.22079637]
 [ 0.          0.          0.          1.        ]]"
4.38419508934021,"[[ 0.23189013  0.9645112   0.12584512 -9.52037567]
 [-0.01108093  0.13195792 -0.99109675 -5.29613739]
 [-0.97274296  0.22804697  0.04102521  3.20432154]
 [ 0.          0.          0.          1.        ]]"
4.416121959686279,"[[ 0.23168669  0.96457794  0.1260044  -9.48022985]
 [-0.0111629   0.13220412 -0.99115096 -5.31787447]
 [-0.97288244  0.22779661  0.04110505  3.23159005]
 [ 0.          0.          0.          1.        ]]"
4.448697805404663,"[[ 0.23137366  0.9646161   0.12624875 -9.51509757]
 [-0.01196626  0.13260557 -0.99107111 -5.35377085]
 [-0.9728994   0.22745349  0.04199182  3.25202562]
 [ 0.          0.          0.          1.        ]]"
4.48343300819397,"[[ 0.2306804   0.96469799  0.12608982 -9.4961524 ]
 [-0.01257757  0.13239359 -0.99086773 -5.36045717]
 [-0.9728929   0.22658092  0.04239121  3.30884282]
 [ 0.          0.          0.          1.        ]]"
4.5164549350738525,"[[ 0.23107457  0.96465035  0.12622881 -9.46765943]
 [-0.01199595  0.13252555 -0.99099911 -5.34600821]
 [-0.97292753  0.22706741  0.04191294  3.21033893]
 [ 0.          0.          0.          1.        ]]"
4.549320936203003,"[[ 0.23045609  0.96475018  0.12635278 -9.51387829]
 [-0.01305369  0.13279462 -0.99087063 -5.36278199]
 [-0.97294085  0.22643212  0.04300789  3.24390247]
 [ 0.          0.          0.          1.        ]]"
4.583118915557861,"[[ 0.2302248   0.96480109  0.12633069 -9.50397478]
 [-0.01356459  0.13287074 -0.99083891 -5.34202999]
 [-0.97298105  0.22611889  0.04347937  3.27670019]
 [ 0.          0.          0.          1.        ]]"
4.615606069564819,"[[ 0.23106631  0.96467863  0.12618917 -9.47097753]
 [-0.01257581  0.13265005 -0.99101986 -5.32214073]
 [-0.97294956  0.22701757  0.04251952  3.23523701]
 [ 0.          0.          0.          1.        ]]"
4.6485419273376465,"[[ 0.23122171  0.96468468  0.12623434 -9.54821713]
 [-0.01276842  0.13281529 -0.99109718 -5.35169573]
 [-0.9729658   0.2272426   0.04282039  3.22114289]
 [ 0.          0.          0.          1.        ]]"
4.682330846786499,"[[ 0.23145635  0.96455395  0.1263021  -9.54089273]
 [-0.01263534  0.13275766 -0.99096357 -5.31209648]
 [-0.97279417  0.22745566  0.04270017  3.24827964]
 [ 0.          0.          0.          1.        ]]"
4.715600967407227,"[[ 0.2324752   0.96423951  0.12606692 -9.52276762]
 [-0.01172668  0.13220708 -0.99083814 -5.30014662]
 [-0.9724375   0.22842051  0.0417301   3.11238717]
 [ 0.          0.          0.          1.        ]]"
4.749347925186157,"[[ 0.231894    0.96458598  0.12587548 -9.55563561]
 [-0.0120751   0.13233359 -0.9912018  -5.3076592 ]
 [-0.97282704  0.22806204  0.0421541   3.14166772]
 [ 0.          0.          0.          1.        ]]"
4.7822840213775635,"[[ 0.2313043   0.96467216  0.12593564 -9.52610127]
 [-0.01215944  0.13232302 -0.99110315 -5.28408502]
 [-0.97290955  0.22737441  0.04210611  3.23263662]
 [ 0.          0.          0.          1.        ]]"
4.815388917922974,"[[ 0.23143123  0.96453003  0.12601798 -9.48204026]
 [-0.01179703  0.13219133 -0.99091581 -5.2922974 ]
 [-0.97276946  0.22734184  0.04162605  3.21747648]
 [ 0.          0.          0.          1.        ]]"
4.849701881408691,"[[ 0.23095465  0.96469481  0.12604177 -9.51762774]
 [-0.01221516  0.13234948 -0.99099494 -5.32610074]
 [-0.97289915  0.22701045  0.04212693  3.22830985]
 [ 0.          0.          0.          1.        ]]"
4.882333040237427,"[[ 0.23075723  0.96476684  0.12585663 -9.51400378]
 [-0.01232242  0.13217514 -0.99101775 -5.29766177]
 [-0.97294237  0.22681642  0.04217022  3.23663819]
 [ 0.          0.          0.          1.        ]]"
4.9151880741119385,"[[ 0.23118909  0.96466344  0.12587866 -9.46263113]
 [-0.01219322  0.13220567 -0.99102688 -5.24857768]
 [-0.97288199  0.22718066  0.04205363  3.17589916]
 [ 0.          0.          0.          1.        ]]"
4.948570966720581,"[[ 0.23072774  0.9648563   0.12560009 -9.4550066 ]
 [-0.01233366  0.13197931 -0.99114512 -5.24080153]
 [-0.97300433  0.22689684  0.04218954  3.19710292]
 [ 0.          0.          0.          1.        ]]"
4.984369993209839,"[[ 0.23066064  0.96474825  0.12577536 -9.43767261]
 [-0.01237811  0.13202664 -0.99092751 -5.21510024]
 [-0.97289888  0.22662561  0.04212687  3.23759609]
 [ 0.          0.          0.          1.        ]]"
5.017370939254761,"[[ 0.23080952  0.96484275  0.12576999 -9.4649114 ]
 [-0.01232709  0.13223071 -0.99118435 -5.26434734]
 [-0.97310671  0.22682375  0.04214516  3.23082496]
 [ 0.          0.          0.          1.        ]]"
5.051629066467285,"[[ 0.23152541  0.96456366  0.12578996 -9.47076598]
 [-0.01160321  0.13194921 -0.99100407 -5.25649019]
 [-0.97277338  0.22753754  0.04143486  3.17224171]
 [ 0.          0.          0.          1.        ]]"
5.084990978240967,"[[ 0.23165469  0.96448139  0.12596899 -9.45192488]
 [-0.01154994  0.13207102 -0.9909238  -5.28210517]
 [-0.97266868  0.22770642  0.04146243  3.1509771 ]
 [ 0.          0.          0.          1.        ]]"
5.119203090667725,"[[ 0.23163904  0.9645471   0.12587631 -9.4782473 ]
 [-0.01160834  0.13207417 -0.99103291 -5.26522857]
 [-0.97277166  0.22768871  0.04150786  3.16904969]
 [ 0.          0.          0.          1.        ]]"
5.151318073272705,"[[ 0.23158503  0.96457351  0.12572424 -9.45629892]
 [-0.01133506  0.13182721 -0.99104968 -5.26115111]
 [-0.97274161  0.22775519  0.04123344  3.18988687]
 [ 0.          0.          0.          1.        ]]"
5.183732986450195,"[[ 0.23157337  0.96446444  0.12602216 -9.46828653]
 [-0.01161392  0.13211387 -0.99086258 -5.29598552]
 [-0.97269551  0.22745996  0.04142484  3.17117403]
 [ 0.          0.          0.          1.        ]]"
5.216364145278931,"[[ 0.23129694  0.96457408  0.12604519 -9.51534454]
 [-0.01193568  0.13224861 -0.99093124 -5.31678244]
 [-0.9727726   0.22732098  0.0418421   3.22023773]
 [ 0.          0.          0.          1.        ]]"
5.249143123626709,"[[ 0.23118998  0.96468582  0.12584911 -9.4472533 ]
 [-0.01167648  0.13206731 -0.99108541 -5.25612475]
 [-0.97287751  0.22736416  0.04159469  3.24650725]
 [ 0.          0.          0.          1.        ]]"
5.282238006591797,"[[ 0.23161225  0.96458528  0.12586073 -9.44481899]
 [-0.01216588  0.13223014 -0.99106823 -5.28977572]
 [-0.97281014  0.22763629  0.04210502  3.14790762]
 [ 0.          0.          0.          1.        ]]"
5.314275741577148,"[[ 0.23064231  0.96477663  0.12572511 -9.49776202]
 [-0.01309905  0.13215237 -0.99093252 -5.24843228]
 [-0.97287982  0.22662476  0.04292205  3.272575  ]
 [ 0.          0.          0.          1.        ]]"
5.346421003341675,"[[ 0.23078346  0.96481195  0.12544041 -9.47034848]
 [-0.01227027  0.1317672  -0.99108056 -5.20604526]
 [-0.97301836  0.22666927  0.04189586  3.26038841]
 [ 0.          0.          0.          1.        ]]"
5.379244089126587,"[[ 0.23143194  0.96461695  0.12573906 -9.46609194]
 [-0.01217572  0.13204507 -0.99102929 -5.27709663]
 [-0.97277969  0.22750247  0.04208215  3.19812947]
 [ 0.          0.          0.          1.        ]]"
5.413086891174316,"[[ 0.23100721  0.96462801  0.12555397 -9.52511203]
 [-0.01232032  0.13169426 -0.99082875 -5.23018929]
 [-0.97270038  0.22694869  0.04202859  3.25437549]
 [ 0.          0.          0.          1.        ]]"
5.445113897323608,"[[ 0.23109482  0.96474999  0.12527512 -9.47231108]
 [-0.01188256  0.13149096 -0.99109639 -5.20565225]
 [-0.97289594  0.22711739  0.04155482  3.29626329]
 [ 0.          0.          0.          1.        ]]"
5.478417873382568,"[[ 0.23155253  0.96463813  0.12555809 -9.45747731]
 [-0.01174048  0.1318151  -0.99112644 -5.25791523]
 [-0.97282708  0.22764939  0.04159241  3.20526109]
 [ 0.          0.          0.          1.        ]]"
5.512647867202759,"[[ 0.23092594  0.96471536  0.12547124 -9.46625476]
 [-0.01161214  0.13153466 -0.99098311 -5.19907824]
 [-0.9728343   0.2269886   0.04129989  3.31070208]
 [ 0.          0.          0.          1.        ]]"
5.545421123504639,"[[ 0.23096259  0.96478665  0.12524978 -9.4162239 ]
 [-0.01113088  0.131268   -0.99113102 -5.20175898]
 [-0.97289423  0.22719215  0.04083071  3.32155888]
 [ 0.          0.          0.          1.        ]]"
5.57839298248291,"[[ 0.23120832  0.96457929  0.12559877 -9.42093473]
 [-0.01144274  0.13156799 -0.99087316 -5.24296651]
 [-0.97271044  0.22718107  0.04112076  3.26402972]
 [ 0.          0.          0.          1.        ]]"
5.614345073699951,"[[ 0.23053922  0.96483826  0.12570445 -9.44659334]
 [-0.01144347  0.13181971 -0.99108053 -5.21194076]
 [-0.97304383  0.22663419  0.04114986  3.33213997]
 [ 0.          0.          0.          1.        ]]"
5.648266077041626,"[[ 0.23033043  0.96491879  0.12566491 -9.41189563]
 [-0.01164179  0.13183693 -0.99112364 -5.22454157]
 [-0.97308546  0.22653323  0.04140145  3.3780868 ]
 [ 0.          0.          0.          1.        ]]"
5.681885004043579,"[[ 0.2303222   0.9649471   0.12562535 -9.43896622]
 [-0.01222167  0.1319612  -0.99114476 -5.26823616]
 [-0.9731078   0.2264836   0.04200793  3.3424043 ]
 [ 0.          0.          0.          1.        ]]"
5.714198112487793,"[[ 0.23083395  0.96479389  0.12539106 -9.51070711]
 [-0.01214579  0.13162253 -0.99105582 -5.26893186]
 [-0.9728698   0.22699619  0.04192665  3.29673808]
 [ 0.          0.          0.          1.        ]]"
5.747053146362305,"[[ 0.23133527  0.96463459  0.12572614 -9.52520171]
 [-0.01182349  0.13193549 -0.9910331  -5.2693073 ]
 [-0.97279923  0.22743949  0.04169555  3.29273622]
 [ 0.          0.          0.          1.        ]]"
5.781260967254639,"[[ 0.23128098  0.9646921   0.12554747 -9.54352917]
 [-0.01202479  0.13184419 -0.99109427 -5.2963054 ]
 [-0.97287969  0.22730492  0.04181565  3.31550675]
 [ 0.          0.          0.          1.        ]]"
5.814613103866577,"[[ 0.23175596  0.96457135  0.12539878 -9.56150492]
 [-0.0116584   0.13156906 -0.99107227 -5.26835849]
 [-0.97268778  0.22789979  0.04151237  3.2059783 ]
 [ 0.          0.          0.          1.        ]]"
5.847622871398926,"[[ 0.23168434  0.96448873  0.12583081 -9.56065347]
 [-0.01179727  0.13201637 -0.99093353 -5.3077847 ]
 [-0.97273614  0.22751473  0.04156194  3.23847505]
 [ 0.          0.          0.          1.        ]]"
5.8819358348846436,"[[ 0.23122754  0.96463003  0.12573213 -9.52498111]
 [-0.0121288   0.13196606 -0.99096321 -5.26893039]
 [-0.97278275  0.22724191  0.04195638  3.26104944]
 [ 0.          0.          0.          1.        ]]"
5.915196895599365,"[[ 0.23150979  0.96457166  0.12616056 -9.47646517]
 [-0.01147243  0.13237248 -0.99105908 -5.28753827]
 [-0.97284365  0.22761828  0.04145657  3.24091662]
 [ 0.          0.          0.          1.        ]]"
5.948333024978638,"[[ 0.23167899  0.96458051  0.1259329  -9.49088397]
 [-0.01142658  0.13216078 -0.99112824 -5.28557292]
 [-0.97282329  0.22784822  0.04141287  3.21619296]
 [ 0.          0.          0.          1.        ]]"
5.981828212738037,"[[ 0.23127097  0.9646603   0.12608534 -9.47126912]
 [-0.01146192  0.13232796 -0.99111608 -5.24827494]
 [-0.97296547  0.22733722  0.0413672   3.27746925]
 [ 0.          0.          0.          1.        ]]"
6.0143280029296875,"[[ 0.23176384  0.96445873  0.12633866 -9.44337744]
 [-0.011175    0.13244002 -0.99098695 -5.2804883 ]
 [-0.97270998  0.22794508  0.04125329  3.16742447]
 [ 0.          0.          0.          1.        ]]"
6.046931982040405,"[[ 0.23170723  0.96450485  0.12628735 -9.49201432]
 [-0.01152374  0.13253401 -0.99103638 -5.30158182]
 [-0.97282879  0.22771248  0.04150942  3.1752134 ]
 [ 0.          0.          0.          1.        ]]"
6.081074953079224,"[[ 0.23092043  0.96478083  0.12600999 -9.46412972]
 [-0.01152718  0.13225483 -0.99116839 -5.25475242]
 [-0.97299941  0.22721939  0.04152133  3.27922957]
 [ 0.          0.          0.          1.        ]]"
6.1144139766693115,"[[ 0.23232628  0.96435558  0.12604717 -9.45211397]
 [-0.01114271  0.13216399 -0.99101725 -5.28569449]
 [-0.97260611  0.2284223   0.04116745  3.12491618]
 [ 0.          0.          0.          1.        ]]"
6.146825075149536,"[[ 0.23175576  0.9646225   0.12613648 -9.49464874]
 [-0.01145699  0.13251784 -0.99126829 -5.3288715 ]
 [-0.9729502   0.22798093  0.04156254  3.12774502]
 [ 0.          0.          0.          1.        ]]"
6.181667804718018,"[[ 0.23125562  0.96468997  0.1259241  -9.49461826]
 [-0.01192852  0.13229209 -0.99113144 -5.26311791]
 [-0.97300574  0.22719152  0.04175601  3.18786725]
 [ 0.          0.          0.          1.        ]]"
6.2147908210754395,"[[ 0.2316451   0.96448449  0.12595846 -9.47131593]
 [-0.01216849  0.13220349 -0.99089759 -5.26950568]
 [-0.97266197  0.22761423  0.04208922  3.14367909]
 [ 0.          0.          0.          1.        ]]"
6.247267961502075,"[[ 0.23141959  0.96464471  0.12592414 -9.51219734]
 [-0.01253389  0.1324013  -0.99108507 -5.2994763 ]
 [-0.9728739   0.22744007  0.04250202  3.15401035]
 [ 0.          0.          0.          1.        ]]"
6.282449960708618,"[[ 0.23083127  0.96475597  0.12595495 -9.50703265]
 [-0.01257912  0.13238294 -0.99103413 -5.25773497]
 [-0.97298548  0.22679514  0.04243341  3.2357074 ]
 [ 0.          0.          0.          1.        ]]"
6.3147618770599365,"[[ 0.23170764  0.96461751  0.12603991 -9.47963494]
 [-0.01221857  0.13255602 -0.99119408 -5.27862514]
 [-0.97292101  0.2277716   0.04226404  3.17572299]
 [ 0.          0.          0.          1.        ]]"
6.347268104553223,"[[ 0.23152732  0.96464927  0.12591824 -9.53692012]
 [-0.01222842  0.13237093 -0.99115518 -5.28128174]
 [-0.97289058  0.22763777  0.04224113  3.15474421]
 [ 0.          0.          0.          1.        ]]"
6.381526947021484,"[[ 0.23122607  0.9646048   0.12576143 -9.52302222]
 [-0.01216775  0.13197372 -0.99091579 -5.26879198]
 [-0.97275352  0.22719942  0.04197695  3.17938665]
 [ 0.          0.          0.          1.        ]]"
6.414160966873169,"[[ 0.23133386  0.9646093   0.12575551 -9.46516031]
 [-0.01186244  0.13194323 -0.99098565 -5.26470809]
 [-0.97277002  0.22739696  0.04171608  3.21303465]
 [ 0.          0.          0.          1.        ]]"
6.4465978145599365,"[[ 0.23151415  0.96457765  0.12587721 -9.48093324]
 [-0.01185261  0.13212825 -0.99102458 -5.2782677 ]
 [-0.97280044  0.22753081  0.04173893  3.19157284]
 [ 0.          0.          0.          1.        ]]"
6.480915069580078,"[[ 0.23151415  0.96457765  0.12587721 -9.47649645]
 [-0.01185261  0.13212825 -0.99102458 -5.30050586]
 [-0.97280044  0.22753081  0.04173893  3.16179931]
 [ 0.          0.          0.          1.        ]]"
6.515344858169556,"[[ 0.23136197  0.96459139  0.12564663 -9.46284803]
 [-0.01214874  0.13189614 -0.99094796 -5.23706622]
 [-0.97280817  0.22716277  0.04183624  3.23238682]
 [ 0.          0.          0.          1.        ]]"
6.5477378368377686,"[[ 0.23137371  0.96470036  0.12534873 -9.46374828]
 [-0.01186975  0.13160972 -0.99113505 -5.19999964]
 [-0.97285448  0.22745809  0.04164478  3.22061954]
 [ 0.          0.          0.          1.        ]]"
6.582675933837891,"[[ 0.2315143   0.96460408  0.12544057 -9.46226661]
 [-0.01156719  0.13155254 -0.99103416 -5.23506285]
 [-0.97272266  0.22763357  0.04136828  3.19924002]
 [ 0.          0.          0.          1.        ]]"
6.614215850830078,"[[ 0.23113343  0.96475828  0.12536108 -9.48540691]
 [-0.01173962  0.13158543 -0.99114442 -5.18962441]
 [-0.97291851  0.22723432  0.04148017  3.3015665 ]
 [ 0.          0.          0.          1.        ]]"
6.646570920944214,"[[ 0.23126546  0.96486208  0.12531894 -9.47292857]
 [-0.01131085  0.13164454 -0.99141876 -5.20927433]
 [-0.97308954  0.2275736   0.04116957  3.28023483]
 [ 0.          0.          0.          1.        ]]"
6.680527925491333,"[[ 0.23196575  0.96447668  0.12534045 -9.4925472 ]
 [-0.01135185  0.13137411 -0.99099337 -5.2451074 ]
 [-0.97257835  0.22805591  0.0411453   3.18569686]
 [ 0.          0.          0.          1.        ]]"
6.712953805923462,"[[ 0.23091604  0.9649164   0.1249299  -9.50329037]
 [-0.01123917  0.13108297 -0.99132014 -5.15022917]
 [-0.97303006  0.22721238  0.04091575  3.30455301]
 [ 0.          0.          0.          1.        ]]"
6.74443793296814,"[[ 0.23106461  0.96468757  0.12519749 -9.48199169]
 [-0.01112944  0.13110404 -0.99098237 -5.16234978]
 [-0.97276868  0.22715078  0.04072456  3.30499076]
 [ 0.          0.          0.          1.        ]]"
6.778191804885864,"[[ 0.23127977  0.96477107  0.12544105 -9.48067196]
 [-0.01129145  0.13164921 -0.99126213 -5.26292813]
 [-0.97295732  0.22754881  0.04114471  3.20942195]
 [ 0.          0.          0.          1.        ]]"
6.812358856201172,"[[ 0.23082161  0.96470788  0.1257738  -9.52508504]
 [-0.01143222  0.13184067 -0.99097101 -5.25830107]
 [-0.97294885  0.22672692  0.04106656  3.26441873]
 [ 0.          0.          0.          1.        ]]"
6.846801996231079,"[[ 0.23105655  0.96479394  0.12545849 -9.49910726]
 [-0.01122234  0.13160157 -0.99120994 -5.22498884]
 [-0.97297612  0.22728538  0.04100988  3.29618055]
 [ 0.          0.          0.          1.        ]]"
6.881448984146118,"[[ 0.23139876  0.96460508  0.12588866 -9.51180253]
 [-0.01147826  0.13204988 -0.99104225 -5.28866331]
 [-0.97283572  0.22746502  0.04134317  3.21969961]
 [ 0.          0.          0.          1.        ]]"
6.914669990539551,"[[ 0.23099653  0.96482027  0.12559258 -9.52259634]
 [-0.01108239  0.13176236 -0.99125819 -5.24479178]
 [-0.97307044  0.22719556  0.04086797  3.28614528]
 [ 0.          0.          0.          1.        ]]"
6.947293996810913,"[[ 0.23138764  0.96464559  0.12553924 -9.50776035]
 [-0.01144218  0.13165321 -0.99107245 -5.24501249]
 [-0.97278506  0.22756106  0.04127659  3.27646598]
 [ 0.          0.          0.          1.        ]]"
6.98066520690918,"[[ 0.23196564  0.96445033  0.12577706 -9.54654636]
 [-0.01163695  0.13194995 -0.99098396 -5.32537852]
 [-0.97265625  0.22795334  0.0415159   3.18696996]
 [ 0.          0.          0.          1.        ]]"
7.0135722160339355,"[[ 0.23127703  0.9646554   0.1257041  -9.56106055]
 [-0.01221126  0.13203687 -0.99103501 -5.30644634]
 [-0.97288862  0.22716432  0.04197231  3.23934362]
 [ 0.          0.          0.          1.        ]]"
7.046483993530273,"[[ 0.23125318  0.96467922  0.12552961 -9.51757875]
 [-0.01230504  0.13183958 -0.99103796 -5.26175044]
 [-0.97280707  0.2273113   0.04213454  3.27215371]
 [ 0.          0.          0.          1.        ]]"
7.080574035644531,"[[ 0.23154146  0.96467849  0.12520866 -9.51286879]
 [-0.01170443  0.13141841 -0.99115648 -5.23275543]
 [-0.97277638  0.22774548  0.04152576  3.23005435]
 [ 0.          0.          0.          1.        ]]"
7.113240003585815,"[[ 0.2315697   0.96460302  0.12556319 -9.54699956]
 [-0.01180156  0.13179164 -0.99106487 -5.27186844]
 [-0.97278188  0.22760962  0.04162215  3.1980581 ]
 [ 0.          0.          0.          1.        ]]"
7.146735906600952,"[[ 0.23125318  0.96467922  0.12552961 -9.50464861]
 [-0.01230504  0.13183958 -0.99103796 -5.27826255]
 [-0.97280707  0.2273113   0.04213454  3.23264643]
 [ 0.          0.          0.          1.        ]]"
7.180323839187622,"[[ 0.23186957  0.96455482  0.12548508 -9.51631603]
 [-0.01166348  0.13169399 -0.99110117 -5.26455907]
 [-0.97268604  0.228051    0.04158529  3.1945207 ]
 [ 0.          0.          0.          1.        ]]"
7.212521076202393,"[[ 0.23206114  0.96450904  0.12551962 -9.52532218]
 [-0.01140432  0.13169981 -0.99111949 -5.27014246]
 [-0.97268919  0.22819151  0.04130412  3.18368915]
 [ 0.          0.          0.          1.        ]]"
7.2446510791778564,"[[ 0.23200121  0.96453542  0.12565374 -9.50601803]
 [-0.01126424  0.13186048 -0.99116777 -5.28296927]
 [-0.97278366  0.22810178  0.04116223  3.21512308]
 [ 0.          0.          0.          1.        ]]"
7.278403043746948,"[[ 0.23196034  0.96456847  0.12544252 -9.46973191]
 [-0.01098119  0.13151825 -0.99118797 -5.22941814]
 [-0.97266532  0.22838928  0.04099615  3.24193066]
 [ 0.          0.          0.          1.        ]]"
7.311367988586426,"[[ 0.23175586  0.96454492  0.12583544 -9.50642789]
 [-0.01194369  0.13214487 -0.99106264 -5.29549148]
 [-0.97276554  0.22779705  0.04188305  3.22080029]
 [ 0.          0.          0.          1.        ]]"
7.343155860900879,"[[ 0.23124892  0.96467331  0.12581301 -9.49302759]
 [-0.01192492  0.13208397 -0.99107269 -5.29587052]
 [-0.97285047  0.22739852  0.04185213  3.24224416]
 [ 0.          0.          0.          1.        ]]"
7.375777959823608,"[[ 0.23068761  0.96485895  0.12561195 -9.48402251]
 [-0.01210737  0.13193168 -0.99114388 -5.27544512]
 [-0.97301552  0.22686533  0.04194133  3.32672349]
 [ 0.          0.          0.          1.        ]]"
7.409319877624512,"[[ 0.23094849  0.96481511  0.12549606 -9.49457211]
 [-0.01184404  0.13180018 -0.99118446 -5.24687428]
 [-0.97304166  0.22698658  0.04156948  3.32475245]
 [ 0.          0.          0.          1.        ]]"
7.442052841186523,"[[ 0.23140186  0.96461948  0.12576148 -9.50494307]
 [-0.0118085   0.13199553 -0.99104319 -5.27895468]
 [-0.97283136  0.22742219  0.04164541  3.25544817]
 [ 0.          0.          0.          1.        ]]"
7.474556922912598,"[[ 0.23091325  0.96469874  0.12564614 -9.49036324]
 [-0.01174216  0.13173388 -0.99095605 -5.266199  ]
 [-0.9728035   0.22703938  0.04152866  3.33489244]
 [ 0.          0.          0.          1.        ]]"
7.507108926773071,"[[ 0.23129657  0.96476181  0.1254777  -9.44937492]
 [-0.0116688   0.13179389 -0.99124494 -5.22592951]
 [-0.97299414  0.22740792  0.04147323  3.3662241 ]
 [ 0.          0.          0.          1.        ]]"
7.539797067642212,"[[ 0.2319205   0.96460021  0.12548587 -9.49615506]
 [-0.01154838  0.13176971 -0.99122048 -5.31005465]
 [-0.97279266  0.22811616  0.04148489  3.25332262]
 [ 0.          0.          0.          1.        ]]"
7.572569847106934,"[[ 0.23154069  0.96459169  0.12548769 -9.46460578]
 [-0.01132587  0.13156466 -0.99104278 -5.27346132]
 [-0.97276581  0.22758463  0.04106988  3.34177038]
 [ 0.          0.          0.          1.        ]]"
7.605913877487183,"[[ 0.23154069  0.96459169  0.12548769 -9.41635021]
 [-0.01132587  0.13156466 -0.99104278 -5.23868131]
 [-0.97276581  0.22758463  0.04106988  3.36329137]
 [ 0.          0.          0.          1.        ]]"
7.637515068054199,"[[ 0.23150075  0.96450065  0.12589434 -9.44323452]
 [-0.01131848  0.13189809 -0.99089349 -5.26296566]
 [-0.97268142  0.22752371  0.0411412   3.25457057]
 [ 0.          0.          0.          1.        ]]"
7.669409990310669,"[[ 0.23090859  0.96472394  0.12590284 -9.44260698]
